time,all aerosol,cld aerosol,cloud-free, incld-aero, isolate-aero
       1      1.00000     0.745681     0.254319     0.205812     0.539870
       2      1.00000     0.772249     0.227751     0.183485     0.588764
       3      1.00000     0.725738     0.274262     0.166024     0.559714
       4      1.00000     0.614364     0.385636     0.113511     0.500853
       5      1.00000     0.443676     0.556324    0.0981421     0.345534
       6      1.00000     0.392343     0.607657     0.177890     0.214453
       7      1.00000     0.515400     0.484600     0.223197     0.292203
       8      1.00000     0.616113     0.383887     0.222229     0.393884
       9      1.00000     0.702558     0.297442     0.164255     0.538303
      10      1.00000     0.756924     0.243076     0.188850     0.568074
      11      1.00000     0.675419     0.324581     0.201852     0.473567
      12      1.00000     0.665648     0.334352     0.221108     0.444540
       1      1.00000     0.719958     0.280042     0.196193     0.523765
       2      1.00000     0.634591     0.365409     0.155543     0.479048
       3      1.00000     0.614411     0.385589     0.136235     0.478177
       4      1.00000     0.568808     0.431192     0.136922     0.431886
       5      1.00000     0.537273     0.462727     0.123318     0.413955
       6      1.00000     0.355278     0.644722     0.153846     0.201431
       7      1.00000     0.446091     0.553909     0.176647     0.269444
       8      1.00000     0.562434     0.437566     0.196186     0.366248
       9      1.00000     0.643513     0.356487     0.126507     0.517006
      10      1.00000     0.701128     0.298872     0.183804     0.517324
      11      1.00000     0.740556     0.259444     0.226054     0.514502
      12      1.00000     0.771884     0.228116     0.213349     0.558535
       1      1.00000     0.712671     0.287329     0.184835     0.527836
       2      1.00000     0.694486     0.305514     0.175284     0.519202
       3      1.00000     0.683600     0.316400     0.113362     0.570238
       4      1.00000     0.567866     0.432134     0.119970     0.447895
       5      1.00000     0.473042     0.526958     0.140137     0.332905
       6      1.00000     0.465655     0.534345     0.210691     0.254965
       7      1.00000     0.420010     0.579990     0.205744     0.214266
       8      1.00000     0.573875     0.426125     0.204566     0.369309
       9      1.00000     0.717212     0.282788     0.187750     0.529461
      10      1.00000     0.719416     0.280584     0.229410     0.490006
      11      1.00000     0.591167     0.408833     0.206835     0.384332
      12      1.00000     0.658011     0.341989     0.191632     0.466379
       1      1.00000     0.738387     0.261613     0.174898     0.563490
       2      1.00000     0.704332     0.295668     0.155905     0.548427
       3      1.00000     0.528790     0.471209     0.137605     0.391185
       4      1.00000     0.599417     0.400583     0.169842     0.429574
       5      1.00000     0.439861     0.560139     0.163069     0.276793
       6      1.00000     0.354790     0.645210     0.177900     0.176890
       7      1.00000     0.559074     0.440926     0.269158     0.289916
       8      1.00000     0.578973     0.421027     0.180430     0.398543
       9      1.00000     0.586947     0.413053     0.143080     0.443867
      10      1.00000     0.723051     0.276949     0.154092     0.568960
      11      1.00000     0.722209     0.277791     0.213164     0.509045
      12      1.00000     0.689168     0.310832     0.183962     0.505206
       1      1.00000     0.828385     0.171615     0.190154     0.638231
       2      1.00000     0.718528     0.281472     0.164086     0.554442
       3      1.00000     0.657313     0.342687     0.153442     0.503871
       4      1.00000     0.712997     0.287003     0.123129     0.589868
       5      1.00000     0.539693     0.460307     0.174927     0.364766
       6      1.00000     0.449714     0.550286     0.200651     0.249063
       7      1.00000     0.484387     0.515613     0.198426     0.285960
       8      1.00000     0.564194     0.435806     0.189326     0.374868
       9      1.00000     0.643495     0.356505     0.183336     0.460159
      10      1.00000     0.685378     0.314622     0.226543     0.458835
      11      1.00000     0.745141     0.254859     0.234610     0.510532
      12      1.00000     0.797682     0.202318     0.316122     0.481560
       1      1.00000     0.778258     0.221742     0.226905     0.551354
       2      1.00000     0.751374     0.248626     0.164698     0.586676
       3      1.00000     0.649013     0.350987     0.159211     0.489803
       4      1.00000     0.536960     0.463040     0.151300     0.385660
       5      1.00000     0.456139     0.543861     0.176837     0.279302
       6      1.00000     0.392962     0.607038     0.181264     0.211698
       7      1.00000     0.518650     0.481350     0.250538     0.268113
       8      1.00000     0.589102     0.410898     0.177268     0.411833
       9      1.00000     0.678722     0.321278     0.140602     0.538120
      10      1.00000     0.746776     0.253224     0.205443     0.541334
      11      1.00000     0.653830     0.346170     0.195851     0.457979
      12      1.00000     0.660710     0.339290     0.191274     0.469436
       1      1.00000     0.773114     0.226886     0.194404     0.578710
       2      1.00000     0.719240     0.280760     0.172939     0.546302
       3      1.00000     0.615871     0.384129     0.174929     0.440942
       4      1.00000     0.526649     0.473351     0.144079     0.382570
       5      1.00000     0.412143     0.587857     0.100425     0.311718
       6      1.00000     0.482216     0.517784     0.227193     0.255023
       7      1.00000     0.499512     0.500488     0.212370     0.287142
       8      1.00000     0.583100     0.416899     0.195940     0.387161
       9      1.00000     0.648713     0.351287     0.179898     0.468815
      10      1.00000     0.697046     0.302954     0.230366     0.466680
      11      1.00000     0.717406     0.282594     0.243345     0.474061
      12      1.00000     0.632555     0.367445     0.198099     0.434456
       1      1.00000     0.682198     0.317802     0.179025     0.503173
       2      1.00000     0.714405     0.285595     0.112198     0.602208
       3      1.00000     0.627748     0.372252     0.141153     0.486595
       4      1.00000     0.534262     0.465738     0.119916     0.414346
       5      1.00000     0.397822     0.602178    0.0990255     0.298796
       6      1.00000     0.382423     0.617577     0.194503     0.187919
       7      1.00000     0.442867     0.557133     0.201049     0.241818
       8      1.00000     0.588425     0.411575     0.194038     0.394386
       9      1.00000     0.659425     0.340575     0.216632     0.442793
      10      1.00000     0.749980     0.250020     0.194959     0.555020
      11      1.00000     0.603088     0.396912     0.185043     0.418044
      12      1.00000     0.653825     0.346175     0.218016     0.435808
       1      1.00000     0.674476     0.325524     0.210509     0.463967
       2      1.00000     0.701118     0.298882     0.168610     0.532508
       3      1.00000     0.720105     0.279895     0.164246     0.555859
       4      1.00000     0.523960     0.476040     0.133655     0.390305
       5      1.00000     0.522687     0.477313     0.167980     0.354707
       6      1.00000     0.469866     0.530134     0.234770     0.235096
       7      1.00000     0.523241     0.476759     0.205100     0.318141
       8      1.00000     0.616887     0.383113     0.198272     0.418614
       9      1.00000     0.620387     0.379613     0.152810     0.467577
      10      1.00000     0.701847     0.298153     0.182458     0.519389
      11      1.00000     0.521307     0.478693     0.163352     0.357955
      12      1.00000     0.619316     0.380684     0.210318     0.408998
       1      1.00000     0.626731     0.373269     0.183538     0.443193
       3      1.00000     0.663718     0.336282     0.157412     0.506306
       4      1.00000     0.529915     0.470085     0.132456     0.397459
       5      1.00000     0.408687     0.591313     0.159767     0.248920
       6      1.00000     0.342743     0.657257     0.162751     0.179991
       7      1.00000     0.480407     0.519593     0.235599     0.244808
       8      1.00000     0.583568     0.416432     0.180731     0.402837
       9      1.00000     0.638239     0.361761     0.141361     0.496878
      10      1.00000     0.723317     0.276683     0.186743     0.536574
      11      1.00000     0.667387     0.332613     0.228563     0.438824
      12      1.00000     0.654248     0.345752     0.178555     0.475693
       1      1.00000     0.676255     0.323745     0.175292     0.500963
       2      1.00000     0.782421     0.217579     0.185917     0.596505
       3      1.00000     0.656308     0.343692     0.167495     0.488813
       4      1.00000     0.585216     0.414784     0.123269     0.461947
       5      1.00000     0.352804     0.647196     0.135089     0.217715
       6      1.00000     0.472140     0.527860     0.221739     0.250402
       7      1.00000     0.414661     0.585339     0.233851     0.180811
       8      1.00000     0.520997     0.479003     0.245542     0.275454
       9      1.00000     0.598036     0.401964     0.211582     0.386454
      10      1.00000     0.748613     0.251387     0.189509     0.559104
      11      1.00000     0.649705     0.350295     0.221579     0.428126
      12      1.00000     0.749822     0.250178     0.230934     0.518888
       1      1.00000     0.662833     0.337167     0.207370     0.455463
       2      1.00000     0.826357     0.173643     0.203367     0.622991
       3      1.00000     0.631556     0.368444     0.147688     0.483867
       4      1.00000     0.594544     0.405456     0.124475     0.470068
       5      1.00000     0.520149     0.479851     0.145802     0.374347
       6      1.00000     0.320617     0.679383     0.153271     0.167347
       7      1.00000     0.368463     0.631537     0.219016     0.149448
       8      1.00000     0.649411     0.350589     0.172110     0.477301
       9      1.00000     0.702117     0.297883     0.139133     0.562984
      10      1.00000     0.688725     0.311275     0.189357     0.499368
      11      1.00000     0.671592     0.328408     0.231253     0.440340
      12      1.00000     0.672723     0.327277     0.193564     0.479159
       1      1.00000     0.843540     0.156460     0.211278     0.632263
       2      1.00000     0.729544     0.270456     0.172445     0.557099
       3      1.00000     0.735950     0.264050     0.158476     0.577474
       4      1.00000     0.711591     0.288409     0.155321     0.556270
       5      1.00000     0.547987     0.452013     0.179785     0.368202
       6      1.00000     0.291535     0.708465     0.155721     0.135814
       7      1.00000     0.490435     0.509565     0.223556     0.266879
       8      1.00000     0.626375     0.373625     0.226591     0.399785
       9         -NaN         -NaN         -NaN         -NaN         -NaN
      10      1.00000     0.723995     0.276005     0.189208     0.534788
      11      1.00000     0.672381     0.327619     0.176001     0.496379
      12      1.00000     0.609942     0.390058     0.172077     0.437865
       1      1.00000     0.687177     0.312823     0.187585     0.499593
       2      1.00000     0.769685     0.230315     0.169649     0.600036
       3      1.00000     0.601066     0.398934     0.147768     0.453298
       4      1.00000     0.499843     0.500157     0.134815     0.365028
       5      1.00000     0.335616     0.664384    0.0888938     0.246723
       6      1.00000     0.405750     0.594250     0.175533     0.230216
