time,all aerosol,cld aerosol,cloud-free, incld-aero, isolate-aero
       1     0.195290     0.200219     0.180837     0.190385     0.203968
       2     0.161254     0.171534     0.126395     0.166018     0.173254
       3     0.198002     0.216533     0.148967     0.166728     0.231306
       4     0.131029     0.139552     0.117451     0.136603     0.140220
       5     0.223304     0.277389     0.180171     0.222271     0.293045
       6     0.262440     0.251712     0.269367     0.177553     0.313228
       7     0.286285     0.264884     0.309047     0.153631     0.349864
       8     0.351708     0.292346     0.446980     0.280453     0.299056
       9     0.367877     0.324136     0.471194     0.329955     0.322360
      10     0.157057     0.152312     0.171833     0.171213     0.146028
      11     0.124498     0.123149     0.127304     0.111688     0.128034
      12     0.164248     0.170759     0.151288     0.174476     0.168909
       1     0.156011     0.172311     0.114107     0.137292     0.185429
       2     0.199215     0.221708     0.160152     0.188943     0.232347
       3     0.170155     0.181585     0.151943     0.175318     0.183370
       4     0.132431     0.141011     0.121113     0.117336     0.148516
       5     0.189315     0.244249     0.125532     0.180798     0.263151
       6     0.296545     0.318409     0.284496     0.194169     0.413299
       7     0.323814     0.298517     0.344187     0.240142     0.336788
       8     0.368532     0.322832     0.427273     0.307713     0.330930
       9     0.418232     0.359390     0.524450     0.353082     0.360934
      10     0.238810     0.214334     0.296229     0.199906     0.219460
      11     0.132387     0.137996     0.116376     0.127474     0.142620
      12     0.165210     0.177753     0.122764     0.141116     0.191748
       1     0.160063     0.179581     0.111652     0.166958     0.184001
       2     0.162693     0.168803     0.148804     0.150271     0.175059
       3     0.177664     0.199064     0.131428     0.176428     0.203564
       4     0.141660     0.160048     0.117498     0.159851     0.160100
       5     0.180056     0.195695     0.166016     0.145565     0.216797
       6     0.274929     0.270181     0.279066     0.175540     0.348388
       7     0.302104     0.255482     0.335865     0.208671     0.300432
       8     0.374012     0.289181     0.488257     0.302906     0.281579
       9     0.346138     0.285995     0.498673     0.299395     0.281243
      10     0.168918     0.159628     0.192737     0.186609     0.146996
      11     0.122667     0.124725     0.119689     0.120785     0.126846
      12     0.153439     0.172614     0.116544     0.159744     0.177902
       1     0.186053     0.193411     0.165283     0.168869     0.201029
       2     0.159605     0.170126     0.134541     0.147240     0.176633
       3     0.164712     0.177365     0.150514     0.148925     0.187369
       4     0.162380     0.170481     0.150257     0.138989     0.182932
       5     0.177911     0.178205     0.177680     0.127085     0.208322
       6     0.248473     0.236216     0.255213     0.153123     0.319784
       7     0.301154     0.237411     0.381977     0.199548     0.272563
       8     0.384254     0.337037     0.449184     0.309339     0.349577
       9     0.388187     0.334386     0.464638     0.323491     0.337898
      10     0.276422     0.247802     0.351142     0.270584     0.241631
      11     0.141356     0.150023     0.118824     0.141077     0.153769
      12     0.158286     0.167983     0.136786     0.152713     0.173544
       1     0.158175     0.159706     0.150785     0.160475     0.159477
       2     0.160976     0.172770     0.130868     0.161180     0.176200
       3     0.181527     0.196185     0.153411     0.173322     0.203147
       4     0.134451     0.142053     0.115567     0.129710     0.144629
       5     0.170868     0.189453     0.149077     0.134336     0.215885
       6     0.253811     0.235218     0.269006     0.175325     0.283469
       7     0.300801     0.242790     0.355299     0.194949     0.275986
       8     0.369530     0.304121     0.454209     0.297008     0.307714
       9     0.417314     0.333545     0.568516     0.327160     0.336090
      10     0.191142     0.174208     0.228032     0.185211     0.168775
      11     0.167603     0.163139     0.180656     0.158774     0.165145
      12     0.159404     0.169151     0.120975     0.140766     0.187784
       1     0.182104     0.194742     0.137749     0.166557     0.206341
       2     0.210404     0.220788     0.179023     0.207755     0.224446
       3     0.209020     0.227142     0.175510     0.172122     0.245026
       4     0.168927     0.189402     0.145183     0.168026     0.197789
       5     0.207350     0.239514     0.180373     0.183649     0.274885
       6     0.289754     0.286017     0.292173     0.212810     0.348698
       7     0.344646     0.268397     0.426804     0.209277     0.323643
       8     0.336850     0.276223     0.423771     0.241269     0.291269
       9     0.335559     0.280057     0.452809     0.270170     0.282641
      10     0.199802     0.180208     0.257584     0.154092     0.190120
      11     0.129500     0.129997     0.128561     0.119714     0.134394
      12     0.141894     0.151653     0.122888     0.152730     0.151215
       1     0.157849     0.155397     0.166203     0.146462     0.158398
       2     0.198559     0.208691     0.172603     0.189843     0.214658
       3     0.165745     0.187477     0.130901     0.154088     0.200723
       4     0.125892     0.138385     0.111991     0.110569     0.148861
       5     0.187451     0.220091     0.164568     0.161712     0.238899
       6     0.288979     0.259272     0.316646     0.170814     0.338076
       7     0.298109     0.235059     0.361037     0.199504     0.261355
       8     0.383868     0.295715     0.507163     0.267329     0.310081
       9     0.310584     0.253248     0.416465     0.260340     0.250526
      10     0.190848     0.165609     0.248919     0.163432     0.166683
      11     0.103360     0.100659     0.110216    0.0995519     0.101228
      12     0.139136     0.154379     0.112896     0.136933     0.162334
       1     0.173267     0.175974     0.167457     0.178163     0.175195
       2     0.135437     0.147405     0.105500     0.130590     0.150538
       3     0.142348     0.155885     0.119521     0.155985     0.155856
       4     0.114388     0.126710     0.100252     0.141809     0.122340
       5     0.176606     0.202036     0.159806     0.137870     0.223301
       6     0.280375     0.248186     0.300307     0.173276     0.325721
       7     0.311748     0.241940     0.367240     0.217854     0.261965
       8     0.346578     0.279591     0.442349     0.275717     0.281497
       9     0.325024     0.291718     0.389510     0.304726     0.285354
      10     0.193125     0.178566     0.236796     0.178374     0.178634
      11     0.128436     0.139202     0.112079     0.145467     0.136428
      12     0.161409     0.171276     0.142773     0.150039     0.181901
       1     0.206618     0.209652     0.200332     0.202313     0.212982
       2     0.181845     0.205274     0.126885     0.182772     0.212399
       3     0.206005     0.221314     0.166619     0.176550     0.234541
       4     0.156626     0.177988     0.133113     0.169755     0.180807
       5     0.189976     0.205040     0.173479     0.154168     0.229131
       6     0.231401     0.201967     0.257488     0.155562     0.248308
       7     0.317072     0.261712     0.377830     0.242754     0.273933
       8     0.343089     0.272607     0.456578     0.239315     0.288376
       9     0.345607     0.289985     0.436510     0.289458     0.290157
      10     0.213862     0.185189     0.281357     0.204296     0.178477
      11     0.132431     0.130803     0.134204     0.121107     0.135228
      12     0.163983     0.165455     0.161590     0.145017     0.175965
       1     0.165516     0.188394     0.127102     0.163524     0.198694
       3     0.148614     0.162841     0.120535     0.134761     0.171571
       4     0.157571     0.177156     0.135493     0.174443     0.178060
       5     0.210193     0.244694     0.186348     0.152006     0.304186
       6     0.275474     0.269125     0.278784     0.216925     0.316325
       7     0.291180     0.248114     0.330999     0.184320     0.309507
       8     0.356489     0.305268     0.428267     0.313249     0.301688
       9     0.317122     0.248571     0.438064     0.231316     0.253480
      10     0.257412     0.231086     0.326234     0.216714     0.236087
      11     0.148469     0.139993     0.165475     0.136655     0.141732
      12     0.180427     0.193404     0.155871     0.152265     0.208846
       1     0.197470     0.210913     0.169390     0.195532     0.216296
       2     0.195012     0.199347     0.179425     0.170974     0.208190
       3     0.189351     0.197041     0.174667     0.156174     0.211044
       4     0.122732     0.146155    0.0896851     0.123533     0.152192
       5     0.188024     0.201954     0.180430     0.159904     0.228046
       6     0.289217     0.276825     0.300301     0.216075     0.330621
       7     0.301443     0.250267     0.337696     0.209029     0.303601
       8     0.372230     0.280043     0.472498     0.258282     0.299442
       9     0.382187     0.332108     0.456693     0.346064     0.324467
      10     0.224958     0.208277     0.274633     0.199344     0.211305
      11     0.144343     0.142024     0.148643     0.124255     0.151221
      12     0.179818     0.189523     0.150730     0.169006     0.198654
       1     0.201745     0.195635     0.213755     0.174342     0.205330
       2     0.186080     0.191098     0.162197     0.175221     0.196281
       3     0.139589     0.151294     0.119524     0.144300     0.153429
       4     0.166258     0.178858     0.147782     0.139179     0.189366
       5     0.152951     0.160759     0.144488     0.153647     0.163529
       6     0.268669     0.282531     0.262126     0.205549     0.353038
       7     0.322235     0.274711     0.349962     0.197693     0.387581
       8     0.376231     0.325918     0.469429     0.315222     0.329775
       9     0.326927     0.290389     0.413049     0.282031     0.292454
      10     0.239057     0.226132     0.267656     0.214916     0.230384
      11     0.154690     0.152607     0.158951     0.136169     0.161239
      12     0.153400     0.164778     0.130013     0.158015     0.167510
       1     0.168909     0.176146     0.129886     0.158386     0.182081
       2     0.192895     0.206901     0.155115     0.188240     0.212678
       3     0.168039     0.170541     0.161065     0.149488     0.176319
       4     0.174273     0.179280     0.161920     0.147455     0.188166
       5     0.179715     0.174401     0.186156     0.150399     0.186121
       6     0.287306     0.250642     0.302393     0.176366     0.335806
       7     0.361833     0.301054     0.420330     0.245771     0.347363
       8     0.356326     0.308738     0.436107     0.303797     0.311539
       9         -NaN         -NaN         -NaN         -NaN         -NaN
      10     0.195518     0.185274     0.222391     0.194450     0.182028
      11     0.151003     0.155727     0.141307     0.133105     0.163748
      12     0.134461     0.149648     0.110712     0.143650     0.152005
       1     0.173902     0.193850     0.130081     0.183861     0.197601
       2     0.186901     0.202849     0.133604     0.190951     0.206213
       3     0.162525     0.182059     0.133094     0.148853     0.192884
       4     0.131138     0.149691     0.112596     0.119017     0.161020
       5     0.205777     0.275644     0.170484     0.232324     0.291252
       6     0.271517     0.266562     0.274900     0.162781     0.345692
