time,all aerosol,cld aerosol,cloud-free, incld-aero, isolate-aero
       1      1.00000     0.728393     0.271607     0.187988     0.540406
       2      1.00000     0.677657     0.322343     0.212364     0.465293
       3      1.00000     0.653108     0.346892     0.205474     0.447634
       4      1.00000     0.656536     0.343464     0.169352     0.487184
       5      1.00000     0.551053     0.448947     0.106400     0.444653
       6      1.00000     0.238267     0.761733    0.0721116     0.166155
       7      1.00000     0.267592     0.732408    0.0582213     0.209371
       8      1.00000     0.270842     0.729158    0.0835269     0.187315
       9      1.00000     0.420805     0.579195     0.143931     0.276873
      10      1.00000     0.699141     0.300859     0.172562     0.526579
      11      1.00000     0.800837     0.199163     0.148663     0.652174
      12      1.00000     0.795166     0.204834     0.166799     0.628368
       1      1.00000     0.783463     0.216537     0.235967     0.547496
       2      1.00000     0.706975     0.293025     0.200578     0.506397
       3      1.00000     0.761146     0.238853     0.199682     0.561465
       4      1.00000     0.699109     0.300891     0.165327     0.533782
       5      1.00000     0.609823     0.390177     0.142857     0.466965
       6      1.00000     0.473384     0.526616     0.108434     0.364951
       7      1.00000     0.301576     0.698424    0.0662387     0.235337
       8      1.00000     0.350170     0.649830    0.0719477     0.278222
       9      1.00000     0.506923     0.493077    0.0944615     0.412462
      10      1.00000     0.588862     0.411138    0.0906605     0.498201
      11      1.00000     0.797592     0.202408     0.104468     0.693124
      12      1.00000     0.847632     0.152368     0.143421     0.704211
       1      1.00000     0.742581     0.257419     0.197742     0.544839
       2      1.00000     0.830026     0.169974     0.195106     0.634921
       3      1.00000     0.855446     0.144554     0.190827     0.664619
       4      1.00000     0.694812     0.305188     0.207536     0.487276
       5      1.00000     0.573609     0.426391     0.154690     0.418919
       6      1.00000     0.441498     0.558502     0.118565     0.322933
       7      1.00000     0.251530     0.748470    0.0624117     0.189118
       8      1.00000     0.292262     0.707738    0.0651388     0.227123
       9      1.00000     0.382660     0.617340    0.0786517     0.304008
      10      1.00000     0.582738     0.417262    0.0773153     0.505423
      11      1.00000     0.740322     0.259678     0.144798     0.595524
      12      1.00000     0.753945     0.246055     0.212589     0.541356
       1      1.00000     0.692009     0.307991     0.183863     0.508146
       2      1.00000     0.824920     0.175080     0.208333     0.616587
       3      1.00000     0.662933     0.337067     0.163381     0.499552
       4      1.00000     0.674945     0.325055     0.154310     0.520635
       5      1.00000     0.606345     0.393655     0.112303     0.494042
       6      1.00000     0.340676     0.659324    0.0662005     0.274476
       7      1.00000     0.389442     0.610558    0.0728849     0.316557
       8      1.00000     0.343228     0.656772    0.0740863     0.269142
       9      1.00000     0.467112     0.532888     0.129187     0.337925
      10      1.00000     0.608238     0.391762     0.110345     0.497893
      11      1.00000     0.818342     0.181658     0.141772     0.676570
      12      1.00000     0.839460     0.160540     0.140371     0.699089
       1      1.00000     0.802676     0.197324     0.226171     0.576505
       2      1.00000     0.728462     0.271538     0.227917     0.500545
       3      1.00000     0.817949     0.182051     0.196535     0.621414
       4      1.00000     0.745504     0.254496     0.190075     0.555429
       5      1.00000     0.576764     0.423237     0.134509     0.442254
       6      1.00000     0.344557     0.655443    0.0910656     0.253491
       7      1.00000     0.271175     0.728825    0.0766385     0.194537
       8      1.00000     0.274463     0.725537    0.0657022     0.208760
       9      1.00000     0.354524     0.645476    0.0712736     0.283250
      10      1.00000     0.686800     0.313200     0.114000     0.572800
      11      1.00000     0.745244     0.254756     0.130619     0.614626
      12      1.00000     0.770334     0.229666     0.128409     0.641926
       1      1.00000     0.802188     0.197812     0.215664     0.586525
       2      1.00000     0.748343     0.251657     0.235453     0.512890
       3      1.00000     0.650958     0.349042     0.170280     0.480679
       4      1.00000     0.836912     0.163088     0.136056     0.700856
       5      1.00000     0.524199     0.475801     0.107532     0.416667
       6      1.00000     0.301800     0.698200    0.0798505     0.221949
       7      1.00000     0.279603     0.720397    0.0620719     0.217531
       8      1.00000     0.216892     0.783108    0.0688121     0.148079
       9      1.00000     0.423749     0.576251     0.121001     0.302748
      10      1.00000     0.720729     0.279271     0.154167     0.566562
      11      1.00000     0.781623     0.218377     0.129750     0.651873
      12      1.00000     0.682734     0.317266     0.133897     0.548837
       1      1.00000     0.820692     0.179308     0.232377     0.588314
       2      1.00000     0.734180     0.265820     0.204073     0.530107
       3      1.00000     0.731760     0.268240     0.188676     0.543084
       4      1.00000     0.801777     0.198223     0.187396     0.614381
       5      1.00000     0.626211     0.373789     0.112698     0.513514
       6      1.00000     0.449897     0.550103    0.0742981     0.375599
       7      1.00000     0.366960     0.633040    0.0683480     0.298612
       8      1.00000     0.338965     0.661035    0.0776812     0.261284
       9      1.00000     0.465591     0.534409    0.0963051     0.369286
      10      1.00000     0.693745     0.306255     0.121136     0.572610
      11      1.00000     0.727916     0.272084     0.147178     0.580737
      12      1.00000     0.701138     0.298862     0.168710     0.532427
       1      1.00000     0.615880     0.384120     0.193371     0.422508
       2      1.00000     0.768421     0.231579     0.246098     0.522323
       3      1.00000     0.773763     0.226237     0.214454     0.559309
       4      1.00000     0.656283     0.343717     0.187327     0.468957
       5      1.00000     0.595841     0.404159     0.128809     0.467032
       6      1.00000     0.342977     0.657023    0.0853947     0.257582
       7      1.00000     0.260153     0.739847    0.0775037     0.182649
       8      1.00000     0.269249     0.730751    0.0704496     0.198799
       9      1.00000     0.376187     0.623813    0.0816464     0.294541
      10      1.00000     0.641357     0.358643     0.117727     0.523629
      11      1.00000     0.678272     0.321728     0.119314     0.558958
      12      1.00000     0.698717     0.301283     0.143290     0.555427
       1      1.00000     0.571488     0.428512     0.172013     0.399475
       2      1.00000     0.771127     0.228873     0.218310     0.552817
       3      1.00000     0.780472     0.219528     0.233763     0.546708
       4      1.00000     0.770176     0.229824     0.158474     0.611702
       5      1.00000     0.552551     0.447449     0.127935     0.424615
       6      1.00000     0.416419     0.583581    0.0846686     0.331751
       7      1.00000     0.268070     0.731930    0.0802906     0.187779
       8      1.00000     0.232364     0.767636    0.0689064     0.163458
       9      1.00000     0.296394     0.703606     0.100703     0.195691
      10      1.00000     0.444136     0.555864     0.106280     0.337857
      11      1.00000     0.680997     0.319003     0.105216     0.575781
      12      1.00000     0.648497     0.351503     0.202563     0.445934
       1      1.00000     0.697132     0.302868     0.214340     0.482792
       3      1.00000     0.742327     0.257673     0.184486     0.557841
       4      1.00000     0.626127     0.373873     0.145069     0.481058
       5      1.00000     0.533715     0.466285     0.100049     0.433666
       6      1.00000     0.363636     0.636364    0.0674691     0.296167
       7      1.00000     0.228288     0.771712    0.0640883     0.164200
       8      1.00000     0.283868     0.716132    0.0801027     0.203766
       9      1.00000     0.510880     0.489120     0.101736     0.409144
      10      1.00000     0.605292     0.394708    0.0931755     0.512117
      11      1.00000     0.864007     0.135993     0.127220     0.736787
      12      1.00000     0.786060     0.213940     0.163585     0.622475
       1      1.00000     0.685248     0.314752     0.166893     0.518355
       2      1.00000     0.755565     0.244435     0.219991     0.535574
       3      1.00000     0.799392     0.200608     0.207700     0.591692
       4      1.00000     0.674603     0.325397     0.160494     0.514109
       5      1.00000     0.512609     0.487391     0.115605     0.397004
       6      1.00000     0.362472     0.637528    0.0987807     0.263691
       7      1.00000     0.244555     0.755445    0.0836836     0.160871
       8      1.00000     0.292736     0.707264    0.0642968     0.228439
       9      1.00000     0.475248     0.524752    0.0896590     0.385589
      10      1.00000     0.667827     0.332173     0.105823     0.562004
      11      1.00000     0.800149     0.199851     0.123576     0.676573
      12      1.00000     0.790551     0.209449     0.184252     0.606299
       1      1.00000     0.631811     0.368189     0.161805     0.470006
       2      1.00000     0.848163     0.151837     0.269388     0.578776
       3      1.00000     0.653001     0.346999     0.168746     0.484254
       4      1.00000     0.731446     0.268554     0.156083     0.575363
       5      1.00000     0.524407     0.475593     0.154949     0.369458
       6      1.00000     0.383362     0.616638    0.0903226     0.293039
       7      1.00000     0.247938     0.752062    0.0854865     0.162452
       8      1.00000     0.372396     0.627604    0.0706922     0.301704
       9      1.00000     0.485239     0.514761    0.0875467     0.397693
      10      1.00000     0.579531     0.420469    0.0757639     0.503767
      11      1.00000     0.755624     0.244376     0.138920     0.616704
      12      1.00000     0.638900     0.361100     0.191011     0.447888
       1      1.00000     0.648096     0.351904     0.204810     0.443287
       2      1.00000     0.695167     0.304833     0.251726     0.443441
       3      1.00000     0.707477     0.292523     0.200700     0.506777
       4      1.00000     0.697162     0.302838     0.204998     0.492164
       5      1.00000     0.659803     0.340197     0.136676     0.523127
       6      1.00000     0.308050     0.691950     0.101133     0.206917
       7      1.00000     0.324316     0.675684    0.0826570     0.241659
       8      1.00000     0.299919     0.700081    0.0768611     0.223058
       9         -NaN         -NaN         -NaN         -NaN         -NaN
      10      1.00000     0.620775     0.379225    0.0886232     0.532152
      11      1.00000     0.763716     0.236284     0.107232     0.656484
      12      1.00000     0.648316     0.351684     0.118324     0.529992
       1      1.00000     0.706667     0.293333     0.153846     0.552821
       2      1.00000     0.669333     0.330667     0.229333     0.440000
       3      1.00000     0.464660     0.535340     0.151832     0.312827
       4      1.00000     0.839921     0.160079     0.254941     0.584980
       5      1.00000     0.642541     0.357459     0.159527     0.483013
       6      1.00000     0.446184     0.553816    0.0968689     0.349315
