time,all aerosol,cld aerosol,cloud-free, incld-aero, isolate-aero
       1     0.287931     0.288093     0.287495     0.246786     0.302462
       2     0.235724     0.234120     0.239096     0.213462     0.243549
       3     0.206307     0.224368     0.172302     0.200967     0.235110
       4     0.184798     0.220190     0.117147     0.219811     0.220321
       5     0.139464     0.171042     0.100703     0.192228     0.165972
       6     0.127993     0.171720     0.114316     0.199562     0.159636
       7     0.163218     0.204741     0.148047     0.194601     0.207561
       8     0.312805     0.400308     0.280303     0.430131     0.387010
       9     0.461164     0.442937     0.474406     0.465522     0.431196
      10     0.369023     0.352268     0.407958     0.376825     0.344221
      11     0.327856     0.323357     0.345947     0.329867     0.321873
      12     0.214589     0.232276     0.145928     0.206995     0.238987
       1     0.225513     0.233729     0.195785     0.208601     0.244559
       2     0.244200     0.243931     0.244847     0.202590     0.260306
       3     0.206003     0.213613     0.181752     0.159052     0.233017
       4     0.204512     0.233386     0.137425     0.223999     0.236294
       5     0.165963     0.209671    0.0976516     0.198288     0.213153
       6     0.123306     0.152672    0.0969085     0.170440     0.147392
       7     0.121023     0.159125     0.104570     0.202391     0.146947
       8     0.220468     0.223603     0.218779     0.214418     0.225978
       9     0.295408     0.307365     0.283116     0.282140     0.313142
      10     0.312009     0.319930     0.300663     0.327993     0.318463
      11     0.347535     0.361349     0.293103     0.345756     0.363699
      12     0.223881     0.241646     0.125050     0.253832     0.239164
       1     0.238714     0.244195     0.222904     0.214890     0.254831
       2     0.264809     0.279294     0.194078     0.261425     0.284785
       3     0.192995     0.202056     0.139373     0.219083     0.197167
       4     0.248575     0.258983     0.224878     0.190066     0.288336
       5     0.227397     0.269167     0.171206     0.208148     0.291699
       6     0.133117     0.175200    0.0998494     0.191356     0.169269
       7     0.116117     0.135746     0.109520     0.167809     0.125165
       8     0.161109     0.194898     0.147156     0.185437     0.197611
       9     0.288868     0.318426     0.270546     0.237400     0.339388
      10     0.305353     0.337765     0.260087     0.286303     0.345637
      11     0.330943     0.351884     0.271243     0.334481     0.356115
      12     0.244844     0.250567     0.227306     0.204244     0.268758
       1     0.232843     0.247843     0.199141     0.215366     0.259594
       2     0.242943     0.259465     0.165099     0.173910     0.288372
       3     0.240239     0.241171     0.238407     0.206175     0.252617
       4     0.183283     0.208586     0.130742     0.172058     0.219413
       5     0.136253     0.162424    0.0959417     0.184492     0.157408
       6     0.105356     0.129774    0.0927392     0.157930     0.122983
       7     0.149318     0.174336     0.133361     0.181092     0.172780
       8     0.334130     0.319575     0.341737     0.365703     0.306877
       9     0.428805     0.421106     0.435553     0.450689     0.409797
      10     0.282411     0.307314     0.243746     0.349423     0.297982
      11     0.255476     0.268530     0.196667     0.268119     0.268616
      12     0.218479     0.227582     0.170882     0.205209     0.232074
       1     0.211653     0.217312     0.188634     0.181507     0.231359
       2     0.215440     0.229926     0.176580     0.173220     0.255746
       3     0.219506     0.227262     0.184659     0.186571     0.240131
       4     0.217931     0.241312     0.149440     0.218203     0.249221
       5     0.142742     0.169711     0.105990     0.161845     0.172103
       6     0.111957     0.148292    0.0928565     0.150479     0.147506
       7     0.117776     0.146240     0.107186     0.171867     0.136144
       8     0.167087     0.194670     0.156652     0.177433     0.200095
       9     0.311270     0.351377     0.289241     0.306538     0.362660
      10     0.268605     0.291073     0.219337     0.223513     0.304519
      11     0.269189     0.271587     0.262172     0.231101     0.280191
      12     0.314133     0.321925     0.287995     0.237480     0.338817
       1     0.260763     0.270442     0.221510     0.206914     0.293801
       2     0.221151     0.227184     0.203211     0.191589     0.243525
       3     0.246135     0.267436     0.206410     0.234347     0.279157
       4     0.195533     0.200689     0.169075     0.198116     0.201188
       5     0.173484     0.216658     0.125920     0.188676     0.223879
       6     0.153495     0.188758     0.138253     0.219932     0.177542
       7     0.134532     0.187441     0.113997     0.191784     0.186202
       8     0.262518     0.293939     0.253816     0.308660     0.287097
       9     0.394821     0.388707     0.399316     0.346507     0.405574
      10     0.372239     0.401465     0.296815     0.367924     0.410591
      11     0.299442     0.310678     0.259225     0.356119     0.301634
      12     0.243240     0.241971     0.245972     0.197889     0.252726
       1     0.248300     0.257263     0.207275     0.200541     0.279668
       2     0.230592     0.248290     0.181710     0.215676     0.260845
       3     0.247170     0.248569     0.243355     0.194466     0.267365
       4     0.190858     0.203977     0.137797     0.197196     0.206045
       5     0.165439     0.191777     0.121314     0.197814     0.190453
       6     0.138696     0.159608     0.121593     0.166268     0.158291
       7     0.139770     0.181766     0.115426     0.245977     0.167069
       8     0.179595     0.233204     0.152106     0.204484     0.241742
       9     0.314791     0.301088     0.326729     0.245747     0.315520
      10     0.290051     0.311042     0.242502     0.285004     0.316551
      11     0.221815     0.241055     0.170341     0.229020     0.244105
      12     0.275959     0.288960     0.245458     0.203296     0.316105
       1     0.234486     0.239670     0.226175     0.199745     0.257943
       2     0.216388     0.233075     0.161020     0.186945     0.254809
       3     0.235674     0.258148     0.158812     0.211267     0.276123
       4     0.194947     0.212696     0.161057     0.197969     0.218578
       5     0.160920     0.180992     0.131328     0.187064     0.179317
       6     0.135730     0.173058     0.116244     0.181845     0.170144
       7     0.158531     0.188485     0.147998     0.187298     0.188988
       8     0.230074     0.284591     0.209987     0.272088     0.289021
       9     0.328130     0.356988     0.310727     0.291098     0.375252
      10     0.314122     0.332686     0.280926     0.333386     0.332528
      11     0.288979     0.309191     0.246368     0.233407     0.325367
      12     0.283786     0.297579     0.251798     0.259384     0.307433
       1     0.229026     0.226339     0.232611     0.198712     0.238235
       2     0.232160     0.243549     0.193790     0.203307     0.259440
       3     0.218112     0.219731     0.212356     0.179514     0.236927
       4     0.256731     0.246889     0.289711     0.199367     0.259201
       5     0.170437     0.191942     0.143882     0.149232     0.204810
       6     0.126721     0.156488     0.105480     0.142616     0.160028
       7     0.156576     0.186837     0.145493     0.167735     0.195005
       8     0.232498     0.270267     0.221066     0.238033     0.283855
       9     0.353770     0.361456     0.350532     0.378434     0.352718
      10     0.410663     0.435219     0.391042     0.437811     0.434403
      11     0.331921     0.358090     0.276057     0.319355     0.365168
      12     0.378388     0.377001     0.380946     0.365760     0.382108
       1     0.284978     0.264357     0.332443     0.208262     0.289261
       3     0.196848     0.209668     0.159915     0.186313     0.217392
       4     0.158817     0.182408     0.119309     0.165197     0.187598
       5     0.148197     0.164077     0.130020     0.182733     0.159773
       6     0.151247     0.192181     0.127855     0.189356     0.192825
       7     0.161106     0.212437     0.145921     0.189531     0.221377
       8     0.266711     0.281710     0.260766     0.246642     0.295496
       9     0.304208     0.302098     0.306412     0.266538     0.310940
      10     0.318635     0.297602     0.350891     0.255290     0.305300
      11     0.306337     0.316289     0.243105     0.372810     0.306530
      12     0.238638     0.243737     0.219905     0.253110     0.241273
       1     0.196244     0.211277     0.163517     0.164466     0.226348
       2     0.266350     0.269416     0.256872     0.248790     0.277888
       3     0.220379     0.227240     0.193038     0.169265     0.247591
       4     0.256656     0.252315     0.265656     0.241393     0.255725
       5     0.155240     0.182052     0.127040     0.161384     0.188070
       6     0.121828     0.155040     0.102944     0.176403     0.147038
       7     0.117301     0.168389     0.100763     0.201116     0.151365
       8     0.227625     0.242929     0.221290     0.236845     0.244642
       9     0.348152     0.368703     0.329540     0.255859     0.394943
      10     0.332956     0.327576     0.343773     0.299841     0.332798
      11     0.259567     0.275696     0.194989     0.311181     0.269215
      12     0.254438     0.256646     0.246106     0.233661     0.263631
       1     0.254548     0.250996     0.260644     0.165423     0.280456
       2     0.208946     0.216869     0.164683     0.174538     0.236572
       3     0.269658     0.265889     0.276750     0.230643     0.278170
       4     0.217216     0.230153     0.181979     0.157181     0.249948
       5     0.161905     0.188936     0.132100     0.188502     0.189118
       6     0.160668     0.184529     0.145833     0.186855     0.183812
       7     0.144699     0.192363     0.128985     0.190518     0.193333
       8     0.211510     0.235998     0.196980     0.229936     0.237419
       9     0.279072     0.321180     0.239380     0.312495     0.323092
      10     0.297793     0.293254     0.304048     0.295876     0.292860
      11     0.280377     0.290637     0.248655     0.316785     0.284747
      12     0.251002     0.239302     0.271703     0.207158     0.253011
       1     0.214025     0.202411     0.235415     0.160417     0.221814
       2     0.294963     0.298049     0.287926     0.241301     0.330262
       3     0.344961     0.311148     0.426737     0.275899     0.325108
       4     0.200264     0.216707     0.162410     0.165988     0.237832
       5     0.158954     0.165236     0.146769     0.176757     0.162226
       6     0.145204     0.182314     0.128683     0.181463     0.182730
       7     0.148591     0.169128     0.138734     0.212622     0.154251
       8     0.220395     0.256955     0.204733     0.244351     0.261298
       9         -NaN         -NaN         -NaN         -NaN         -NaN
      10     0.249285     0.255170     0.239651     0.268602     0.252933
      11     0.232094     0.246100     0.186825     0.239659     0.247152
      12     0.233094     0.243023     0.214790     0.196429     0.253426
       1     0.373508     0.369765     0.382522     0.362184     0.371875
       2     0.370827     0.355200     0.402458     0.322747     0.372115
       3     0.304432     0.318689     0.292058     0.226823     0.363276
       4     0.237810     0.246506     0.192183     0.204282     0.264908
       5     0.209971     0.255920     0.127375     0.250869     0.257589
       6     0.143243     0.172474     0.119693     0.144776     0.180155
