time,all aerosol,cld aerosol,cloud-free, incld-aero, isolate-aero
       1      1.00000     0.333758     0.666242    0.0808327     0.252926
       2      1.00000     0.224170     0.775830    0.0917702     0.132400
       3      1.00000     0.300945     0.699055     0.107353     0.193592
       4      1.00000     0.367471     0.632529     0.108633     0.258837
       5      1.00000     0.353617     0.646383     0.117308     0.236309
       6      1.00000     0.316355     0.683645     0.127595     0.188760
       7      1.00000     0.501008     0.498992     0.244202     0.256806
       8      1.00000     0.405919     0.594081     0.182908     0.223011
       9      1.00000     0.365420     0.634580     0.125721     0.239698
      10      1.00000     0.376865     0.623135    0.0790041     0.297861
      11      1.00000     0.399809     0.600191    0.0659505     0.333859
      12      1.00000     0.395952     0.604048    0.0894156     0.306536
       1      1.00000     0.341435     0.658565    0.0928069     0.248628
       2      1.00000     0.375741     0.624259     0.117151     0.258590
       3      1.00000     0.366259     0.633741     0.128102     0.238157
       4      1.00000     0.446775     0.553225     0.149186     0.297589
       5      1.00000     0.355409     0.644591     0.100601     0.254808
       6      1.00000     0.400213     0.599787     0.136256     0.263957
       7      1.00000     0.413038     0.586962     0.152750     0.260287
       8      1.00000     0.456794     0.543206     0.201854     0.254940
       9      1.00000     0.354500     0.645500     0.102017     0.252483
      10      1.00000     0.401196     0.598804    0.0917744     0.309422
      11      1.00000     0.450671     0.549329    0.0850501     0.365621
      12      1.00000     0.462589     0.537411     0.102657     0.359932
       1      1.00000     0.355596     0.644404     0.116245     0.239351
       2      1.00000     0.379090     0.620910     0.144257     0.234833
       3      1.00000     0.337840     0.662160     0.140889     0.196951
       4      1.00000     0.325811     0.674189     0.134570     0.191241
       5      1.00000     0.383470     0.616530     0.138843     0.244627
       6      1.00000     0.367007     0.632993     0.139804     0.227203
       7      1.00000     0.400800     0.599200     0.177902     0.222897
       8      1.00000     0.418056     0.581944     0.173094     0.244963
       9      1.00000     0.373124     0.626876     0.117241     0.255883
      10      1.00000     0.384204     0.615796    0.0762438     0.307960
      11      1.00000     0.365071     0.634929    0.0666776     0.298393
      12      1.00000     0.340586     0.659414    0.0840336     0.256552
       1      1.00000     0.260310     0.739690    0.0853796     0.174930
       2      1.00000     0.232711     0.767289    0.0827073     0.150004
       3      1.00000     0.248719     0.751281    0.0893238     0.159395
       4      1.00000     0.387309     0.612691    0.0932548     0.294055
       5      1.00000     0.386010     0.613990     0.128158     0.257852
       6      1.00000     0.441316     0.558684     0.180619     0.260697
       7      1.00000     0.507877     0.492123     0.207515     0.300362
       8      1.00000     0.429035     0.570965     0.170662     0.258373
       9      1.00000     0.419503     0.580497     0.112109     0.307394
      10      1.00000     0.284661     0.715339    0.0688281     0.215832
      11      1.00000     0.369062     0.630938    0.0624678     0.306594
      12      1.00000     0.271813     0.728187    0.0727177     0.199096
       1      1.00000     0.241323     0.758677    0.0730554     0.168267
       2      1.00000     0.242324     0.757676     0.100083     0.142241
       3      1.00000     0.263077     0.736923     0.101565     0.161513
       4      1.00000     0.414768     0.585232     0.120301     0.294467
       5      1.00000     0.409405     0.590595     0.136615     0.272789
       6      1.00000     0.498139     0.501861     0.193503     0.304636
       7      1.00000     0.521543     0.478457     0.197745     0.323798
       8      1.00000     0.472707     0.527293     0.165629     0.307078
       9      1.00000     0.368906     0.631094     0.116859     0.252048
      10      1.00000     0.407415     0.592585    0.0773530     0.330062
      11      1.00000     0.464342     0.535658    0.0858547     0.378488
      12      1.00000     0.377706     0.622294    0.0801721     0.297534
       1      1.00000     0.347205     0.652795    0.0883277     0.258877
       2      1.00000     0.349885     0.650115     0.100862     0.249022
       3      1.00000     0.386837     0.613163    0.0896202     0.297216
       4      1.00000     0.401190     0.598810     0.118623     0.282567
       5      1.00000     0.340863     0.659137     0.121784     0.219078
       6      1.00000     0.339471     0.660529     0.149499     0.189971
       7      1.00000     0.376139     0.623861     0.169782     0.206357
       8      1.00000     0.394500     0.605500     0.158061     0.236439
       9      1.00000     0.293060     0.706940    0.0847782     0.208282
      10      1.00000     0.454534     0.545466    0.0693115     0.385222
      11      1.00000     0.432539     0.567461     0.102051     0.330488
      12      1.00000     0.340542     0.659458    0.0799067     0.260636
       1      1.00000     0.332324     0.667676    0.0902074     0.242117
       2      1.00000     0.265458     0.734542    0.0935857     0.171873
       3      1.00000     0.327883     0.672117    0.0946783     0.233205
       4      1.00000     0.345389     0.654611     0.111905     0.233484
       5      1.00000     0.298365     0.701635    0.0785996     0.219766
       6      1.00000     0.414857     0.585143     0.178254     0.236603
       7      1.00000     0.429588     0.570412     0.184376     0.245212
       8      1.00000     0.433780     0.566220     0.192842     0.240938
       9      1.00000     0.360017     0.639983     0.116386     0.243631
      10      1.00000     0.316595     0.683405    0.0848508     0.231744
      11      1.00000     0.427882     0.572118    0.0838607     0.344021
      12      1.00000     0.364729     0.635271    0.0978592     0.266870
       1      1.00000     0.347562     0.652438     0.124887     0.222675
       2      1.00000     0.268946     0.731054     0.100831     0.168115
       3      1.00000     0.286101     0.713899     0.113948     0.172153
       4      1.00000     0.385766     0.614234     0.116711     0.269054
       5      1.00000     0.414454     0.585546     0.206049     0.208405
       6      1.00000     0.343786     0.656214     0.145332     0.198453
       7      1.00000     0.362454     0.637546     0.165590     0.196864
       8      1.00000     0.401281     0.598719     0.167187     0.234094
       9      1.00000     0.297344     0.702656     0.105378     0.191966
      10      1.00000     0.394775     0.605225    0.0792046     0.315571
      11      1.00000     0.427165     0.572835    0.0923687     0.334796
      12      1.00000     0.443658     0.556342     0.100168     0.343490
       1      1.00000     0.286253     0.713747     0.107093     0.179160
       2      1.00000     0.316132     0.683868     0.120632     0.195499
       3      1.00000     0.369597     0.630403     0.118165     0.251433
       4      1.00000     0.369579     0.630421     0.142851     0.226728
       5      1.00000     0.416682     0.583318     0.190882     0.225800
       6      1.00000     0.365404     0.634596     0.153460     0.211944
       7      1.00000     0.392471     0.607529     0.181233     0.211237
       8      1.00000     0.333639     0.666361     0.140822     0.192817
       9      1.00000     0.320457     0.679543    0.0978804     0.222576
      10      1.00000     0.355011     0.644989    0.0923669     0.262644
      11      1.00000     0.346196     0.653804    0.0756837     0.270512
      12      1.00000     0.279582     0.720418    0.0645189     0.215063
       1      1.00000     0.214253     0.785747    0.0665994     0.147653
       3      1.00000     0.331406     0.668594    0.0997211     0.231685
       4      1.00000     0.338434     0.661566     0.126937     0.211497
       5      1.00000     0.390199     0.609801     0.161661     0.228538
       6      1.00000     0.353242     0.646758     0.172608     0.180634
       7      1.00000     0.479664     0.520336     0.219732     0.259932
       8      1.00000     0.402694     0.597306     0.176520     0.226174
       9      1.00000     0.367205     0.632795     0.131737     0.235468
      10      1.00000     0.419105     0.580895    0.0885056     0.330599
      11      1.00000     0.453423     0.546577    0.0878814     0.365542
      12      1.00000     0.350789     0.649211    0.0847194     0.266069
       1      1.00000     0.388467     0.611533    0.0830954     0.305371
       2      1.00000     0.300136     0.699864     0.111272     0.188864
       3      1.00000     0.330543     0.669457     0.135675     0.194867
       4      1.00000     0.345080     0.654920    0.0880831     0.256997
       5      1.00000     0.376439     0.623561     0.123681     0.252758
       6      1.00000     0.386213     0.613787     0.167590     0.218623
       7      1.00000     0.386965     0.613035     0.177751     0.209214
       8      1.00000     0.429262     0.570738     0.183886     0.245376
       9      1.00000     0.328661     0.671339     0.110885     0.217776
      10      1.00000     0.394068     0.605932    0.0695778     0.324490
      11      1.00000     0.408074     0.591926    0.0869037     0.321170
      12      1.00000     0.394159     0.605841    0.0847734     0.309385
       1      1.00000     0.324443     0.675557     0.102315     0.222128
       2      1.00000     0.331687     0.668313     0.110045     0.221642
       3      1.00000     0.260762     0.739239     0.118434     0.142327
       4      1.00000     0.396088     0.603912     0.137041     0.259047
       5      1.00000     0.406830     0.593170     0.158727     0.248104
       6      1.00000     0.410904     0.589096     0.175847     0.235057
       7      1.00000     0.417659     0.582341     0.200839     0.216820
       8      1.00000     0.372504     0.627496     0.178712     0.193792
       9      1.00000     0.444556     0.555444     0.146963     0.297592
      10      1.00000     0.434743     0.565257    0.0798683     0.354875
      11      1.00000     0.372855     0.627145     0.106854     0.266002
      12      1.00000     0.291690     0.708310    0.0589855     0.232704
       1      1.00000     0.287504     0.712496    0.0764445     0.211060
       2      1.00000     0.290978     0.709022    0.0961590     0.194819
       3      1.00000     0.281715     0.718285    0.0925368     0.189179
       4      1.00000     0.400016     0.599984     0.133161     0.266856
       5      1.00000     0.408881     0.591119     0.167113     0.241768
       6      1.00000     0.340888     0.659112     0.139883     0.201005
       7      1.00000     0.408539     0.591461     0.165214     0.243325
       8      1.00000     0.340253     0.659747     0.149368     0.190885
       9         -NaN         -NaN         -NaN         -NaN         -NaN
      10      1.00000     0.334539     0.665461    0.0943715     0.240167
      11      1.00000     0.434475     0.565525    0.0915026     0.342973
      12      1.00000     0.341025     0.658975    0.0823040     0.258721
       1      1.00000     0.348107     0.651893    0.0834699     0.264637
       2      1.00000     0.287805     0.712195    0.0839894     0.203816
       3      1.00000     0.331596     0.668404     0.100191     0.231405
       4      1.00000     0.339240     0.660760    0.0981508     0.241089
       5      1.00000     0.345323     0.654677     0.135443     0.209880
       6      1.00000     0.349861     0.650139     0.146081     0.203781
