time,all aerosol,cld aerosol,cloud-free, incld-aero, isolate-aero
       1     0.352284     0.353532     0.351660     0.302675     0.369785
       2     0.236302     0.219948     0.241027     0.173086     0.252430
       3     0.361803     0.356517     0.364078     0.286158     0.395534
       4     0.223789     0.269964     0.196964     0.227024     0.287985
       5     0.294246     0.341813     0.268223     0.277257     0.373860
       6     0.335229     0.347517     0.329543     0.339224     0.353122
       7     0.421441     0.384609     0.458421     0.401468     0.368578
       8     0.296529     0.312418     0.285673     0.294941     0.326752
       9     0.241941     0.230079     0.248772     0.211989     0.239568
      10     0.196835     0.192602     0.199395     0.178770     0.196271
      11     0.195552     0.220724     0.178783     0.202712     0.224282
      12     0.173463     0.208034     0.150802     0.167132     0.219965
       1     0.254070     0.247004     0.257733     0.227185     0.254402
       2     0.308326     0.339934     0.289302     0.304369     0.356046
       3     0.298741     0.340688     0.274498     0.243801     0.392802
       4     0.365505     0.377010     0.356214     0.264521     0.433403
       5     0.230563     0.274278     0.206460     0.197919     0.304426
       6     0.337424     0.368626     0.316604     0.355450     0.375428
       7     0.329931     0.315224     0.340280     0.296523     0.326199
       8     0.338243     0.304426     0.366680     0.313972     0.296868
       9     0.232283     0.257877     0.218228     0.253198     0.259767
      10     0.264403     0.298697     0.241427     0.311903     0.294780
      11     0.209095     0.212967     0.205918     0.177194     0.221288
      12     0.213108     0.250874     0.180600     0.203005     0.264527
       1     0.210071     0.238976     0.194121     0.193985     0.260826
       2     0.195041     0.208599     0.186764     0.157248     0.240144
       3     0.186717     0.198161     0.180878     0.164429     0.222291
       4     0.247945     0.267701     0.238398     0.208103     0.309638
       5     0.280912     0.282029     0.280216     0.225764     0.313964
       6     0.285001     0.304691     0.273585     0.294626     0.310884
       7     0.374593     0.357667     0.385914     0.331371     0.378655
       8     0.291506     0.273785     0.304236     0.253362     0.288216
       9     0.253580     0.253471     0.253644     0.250880     0.254658
      10     0.166221     0.186511     0.153562     0.174736     0.189426
      11     0.207740     0.234777     0.192194     0.203058     0.241865
      12     0.130422     0.156447     0.116981     0.139878     0.161874
       1     0.169323     0.178724     0.166015     0.172069     0.181972
       2     0.173277     0.177087     0.172121     0.159755     0.186644
       3     0.358922     0.352868     0.360926     0.451182     0.297774
       4     0.365877     0.372450     0.361722     0.416423     0.358504
       5     0.372133     0.409441     0.348677     0.318646     0.454567
       6     0.400229     0.379109     0.416911     0.358469     0.393409
       7     0.390278     0.377529     0.403436     0.363924     0.386928
       8     0.371413     0.306655     0.420073     0.304459     0.308106
       9     0.212940     0.229372     0.201065     0.220816     0.232492
      10     0.196888     0.213390     0.190321     0.204677     0.216168
      11     0.187305     0.196841     0.181726     0.178031     0.200673
      12     0.124166     0.146826     0.115708     0.136339     0.150656
       1     0.188295     0.242412     0.171082     0.234695     0.245762
       2     0.225036     0.247794     0.217758     0.177864     0.296999
       3     0.237065     0.250874     0.232136     0.194092     0.286582
       4     0.279718     0.317904     0.252655     0.242823     0.348578
       5     0.281972     0.284621     0.280136     0.231901     0.311024
       6     0.327073     0.280476     0.373325     0.285591     0.277226
       7     0.276076     0.256845     0.297039     0.254303     0.258398
       8     0.280080     0.277169     0.282689     0.267015     0.282646
       9     0.201122     0.209750     0.196078     0.184050     0.221666
      10     0.251392     0.279511     0.232059     0.249174     0.286620
      11     0.173492     0.190892     0.158409     0.158902     0.198148
      12     0.273215     0.287596     0.264486     0.229931     0.303134
       1     0.270555     0.282187     0.264368     0.281376     0.282464
       2     0.292087     0.317915     0.278187     0.253135     0.344153
       3     0.346623     0.374409     0.329094     0.409341     0.363876
       4     0.267776     0.307398     0.241229     0.255449     0.329207
       5     0.400708     0.405929     0.398008     0.405989     0.405895
       6     0.348512     0.377829     0.333445     0.381689     0.374791
       7     0.413341     0.392557     0.425872     0.384901     0.398856
       8     0.346394     0.331955     0.355802     0.337533     0.328225
       9     0.222309     0.240102     0.214933     0.220602     0.248039
      10     0.195072     0.194861     0.195247     0.178078     0.197880
      11     0.144596     0.173121     0.122854     0.159982     0.177178
      12     0.192088     0.191105     0.192596     0.199311     0.188589
       1     0.216834     0.214491     0.218001     0.210449     0.215997
       2     0.234175     0.237842     0.232850     0.184817     0.266714
       3     0.152959     0.159839     0.149603     0.148402     0.164483
       4     0.207125     0.222460     0.199034     0.175726     0.244859
       5     0.249335     0.287371     0.233161     0.299017     0.283205
       6     0.393970     0.374255     0.407948     0.369762     0.377640
       7     0.300349     0.254026     0.335236     0.244291     0.261346
       8     0.324920     0.283317     0.356792     0.267410     0.296049
       9     0.251837     0.260755     0.246820     0.252200     0.264842
      10     0.187346     0.205297     0.179029     0.198100     0.207933
      11     0.152643     0.168664     0.140661     0.162578     0.170148
      12     0.240960     0.246063     0.238030     0.260205     0.240877
       1     0.201015     0.211301     0.195536     0.205319     0.214655
       2     0.245103     0.261662     0.239012     0.227681     0.282043
       3     0.217812     0.245491     0.206720     0.185529     0.285180
       4     0.211857     0.211035     0.212373     0.177351     0.225647
       5     0.235438     0.206310     0.256055     0.175095     0.237171
       6     0.382486     0.384321     0.381525     0.355376     0.405519
       7     0.298032     0.316763     0.287383     0.284841     0.343613
       8     0.287341     0.280920     0.291644     0.271541     0.287618
       9     0.245457     0.246333     0.245087     0.243579     0.247845
      10     0.181600     0.219019     0.157193     0.196073     0.224778
      11     0.152697     0.186083     0.127800     0.175620     0.188970
      12     0.230404     0.257174     0.209056     0.227793     0.265742
       1     0.366617     0.337800     0.378174     0.308345     0.355407
       2     0.220855     0.237258     0.213272     0.188980     0.267048
       3     0.319759     0.327239     0.315373     0.249238     0.363896
       4     0.362928     0.381269     0.352176     0.368942     0.389035
       5     0.365942     0.304557     0.409792     0.267546     0.335845
       6     0.361023     0.376971     0.351839     0.371442     0.380975
       7     0.299415     0.257201     0.326685     0.250420     0.263020
       8     0.263433     0.279492     0.255392     0.269925     0.286480
       9     0.219496     0.241136     0.209290     0.248562     0.237870
      10     0.187992     0.233569     0.162905     0.234295     0.233314
      11     0.227030     0.248546     0.215637     0.198404     0.262575
      12     0.271495     0.277375     0.269213     0.277601     0.277308
       1     0.189802     0.169612     0.195307     0.187307     0.161631
       3     0.191231     0.199621     0.187071     0.177686     0.209062
       4     0.250798     0.222615     0.265216     0.205308     0.233002
       5     0.240254     0.237637     0.241929     0.197356     0.266130
       6     0.325994     0.314855     0.332078     0.293125     0.335620
       7     0.346214     0.292968     0.395298     0.272966     0.309877
       8     0.325617     0.275132     0.359653     0.266637     0.281762
       9     0.260212     0.272276     0.253212     0.245847     0.287062
      10     0.204690     0.206740     0.203211     0.199295     0.208733
      11     0.195130     0.211113     0.181871     0.186261     0.217088
      12     0.226772     0.263161     0.207111     0.248822     0.267726
       1     0.160967     0.188319     0.143591     0.167192     0.194068
       2     0.256586     0.271598     0.250148     0.232118     0.294859
       3     0.313463     0.301900     0.319172     0.271481     0.323080
       4     0.299466     0.292512     0.303131     0.300125     0.289903
       5     0.351324     0.314680     0.373445     0.348017     0.298368
       6     0.301246     0.307000     0.297625     0.308356     0.305960
       7     0.364030     0.358037     0.367813     0.317085     0.392831
       8     0.327598     0.291918     0.354434     0.300631     0.285388
       9     0.325373     0.341797     0.317332     0.327052     0.349305
      10     0.299213     0.271284     0.317376     0.276203     0.270229
      11     0.203527     0.238583     0.179360     0.209082     0.246566
      12     0.301031     0.359901     0.262729     0.327126     0.368882
       1     0.306776     0.290272     0.314702     0.267399     0.300808
       2     0.183278     0.221723     0.164197     0.179054     0.242908
       3     0.276972     0.284671     0.274256     0.239604     0.322172
       4     0.306972     0.334279     0.289062     0.279397     0.363313
       5     0.216631     0.229905     0.207528     0.199161     0.249574
       6     0.410188     0.427191     0.398327     0.423079     0.430267
       7     0.443225     0.442260     0.443916     0.439705     0.444626
       8     0.280851     0.259859     0.293313     0.254933     0.264402
       9     0.278866     0.257849     0.295686     0.237533     0.267882
      10     0.206910     0.234998     0.185308     0.218853     0.238631
      11     0.135442     0.184735     0.106136     0.147052     0.199873
      12     0.167411     0.206751     0.151210     0.181091     0.213255
       1     0.158917     0.194157     0.144697     0.172004     0.202181
       2     0.250684     0.253029     0.249722     0.214394     0.272099
       3     0.321437     0.349470     0.310442     0.240592     0.402728
       4     0.207810     0.220835     0.199126     0.171379     0.245514
       5     0.196062     0.201765     0.192117     0.163451     0.228248
       6     0.276191     0.312594     0.257364     0.282809     0.333322
       7     0.319817     0.323916     0.316986     0.306895     0.335473
       8     0.285660     0.265211     0.296206     0.263583     0.266485
       9         -NaN         -NaN         -NaN         -NaN         -NaN
      10     0.216085     0.239266     0.204432     0.213574     0.249362
      11     0.168736     0.205056     0.140832     0.166675     0.215296
      12     0.174348     0.209325     0.156248     0.194971     0.213891
       1     0.265690     0.301937     0.246334     0.275546     0.310261
       2     0.308747     0.303084     0.311035     0.284975     0.310546
       3     0.250303     0.260230     0.245378     0.202829     0.285083
       4     0.181960     0.237863     0.153259     0.204140     0.251592
       5     0.251111     0.267877     0.242268     0.218492     0.299746
       6     0.478771     0.536163     0.447886     0.535390     0.536717
