time,all aerosol,cld aerosol,cloud-free, incld-aero, isolate-aero
       1      1.00000     0.375919     0.624081     0.154472     0.221448
       2      1.00000     0.344945     0.655055     0.175877     0.169068
       3      1.00000     0.399980     0.600020     0.132489     0.267491
       4      1.00000     0.299263     0.700737     0.115807     0.183456
       5      1.00000     0.382059     0.617941     0.111759     0.270300
       6      1.00000     0.435887     0.564113    0.0941671     0.341720
       7      1.00000     0.451532     0.548468    0.0954905     0.356042
       8      1.00000     0.395359     0.604641    0.0897238     0.305635
       9      1.00000     0.267502     0.732498    0.0618979     0.205604
      10      1.00000     0.302834     0.697166     0.103204     0.199630
      11      1.00000     0.314175     0.685825     0.132210     0.181966
      12      1.00000     0.406890     0.593110     0.175028     0.231862
       1      1.00000     0.416541     0.583459     0.168428     0.248112
       2      1.00000     0.384430     0.615570     0.150000     0.234430
       3      1.00000     0.379693     0.620307     0.162257     0.217435
       4      1.00000     0.433463     0.566537     0.152588     0.280875
       5      1.00000     0.371276     0.628724     0.131825     0.239451
       6      1.00000     0.419200     0.580800    0.0819177     0.337282
       7      1.00000     0.376403     0.623596    0.0809125     0.295491
       8      1.00000     0.387037     0.612963    0.0592878     0.327750
       9      1.00000     0.360764     0.639236    0.0771991     0.283565
      10      1.00000     0.270677     0.729323    0.0803411     0.190336
      11      1.00000     0.267223     0.732777     0.105680     0.161542
      12      1.00000     0.309157     0.690843     0.154141     0.155016
       1      1.00000     0.322704     0.677296     0.138396     0.184309
       2      1.00000     0.314235     0.685765     0.125418     0.188817
       3      1.00000     0.369095     0.630905     0.128922     0.240173
       4      1.00000     0.367085     0.632915     0.127878     0.239206
       5      1.00000     0.460476     0.539524     0.125714     0.334762
       6      1.00000     0.432631     0.567369    0.0757548     0.356877
       7      1.00000     0.462197     0.537803    0.0922403     0.369957
       8      1.00000     0.319227     0.680773    0.0653040     0.253922
       9      1.00000     0.319796     0.680204    0.0770696     0.242726
      10      1.00000     0.336969     0.663031     0.118695     0.218274
      11      1.00000     0.349241     0.650759     0.120321     0.228920
      12      1.00000     0.392693     0.607307     0.173643     0.219050
       1      1.00000     0.359985     0.640015     0.150825     0.209160
       2      1.00000     0.342458     0.657542     0.166645     0.175814
       3      1.00000     0.318662     0.681338     0.110915     0.207746
       4      1.00000     0.311779     0.688221    0.0864116     0.225367
       5      1.00000     0.337012     0.662988     0.117449     0.219564
       6      1.00000     0.348364     0.651636    0.0693399     0.279024
       7      1.00000     0.336650     0.663350    0.0589866     0.277663
       8      1.00000     0.349272     0.650728    0.0638118     0.285460
       9      1.00000     0.241860     0.758140    0.0571303     0.184730
      10      1.00000     0.197316     0.802684    0.0719424     0.125374
      11      1.00000     0.292000     0.708000     0.106200     0.185800
      12      1.00000     0.336458     0.663542     0.175289     0.161169
       1      1.00000     0.350093     0.649907     0.167980     0.182113
       2      1.00000     0.282958     0.717042     0.124281     0.158677
       3      1.00000     0.361282     0.638718     0.148974     0.212308
       4      1.00000     0.367527     0.632473     0.122568     0.244959
       5      1.00000     0.393285     0.606715     0.128364     0.264920
       6      1.00000     0.438373     0.561627    0.0825880     0.355785
       7      1.00000     0.419759     0.580241    0.0804731     0.339286
       8      1.00000     0.349870     0.650130    0.0578423     0.292028
       9      1.00000     0.262815     0.737185    0.0837124     0.179103
      10      1.00000     0.257966     0.742034    0.0788972     0.179069
      11      1.00000     0.296795     0.703205     0.102531     0.194264
      12      1.00000     0.323888     0.676112     0.146064     0.177823
       1      1.00000     0.333683     0.666317     0.146401     0.187282
       2      1.00000     0.470606     0.529394     0.193465     0.277142
       3      1.00000     0.351336     0.648664     0.119928     0.231408
       4      1.00000     0.284243     0.715757     0.106916     0.177327
       5      1.00000     0.360354     0.639646     0.106006     0.254349
       6      1.00000     0.363879     0.636121    0.0874521     0.276427
       7      1.00000     0.348369     0.651631    0.0696276     0.278742
       8      1.00000     0.409644     0.590356    0.0887742     0.320869
       9      1.00000     0.321797     0.678203    0.0681509     0.253646
      10      1.00000     0.265994     0.734006    0.0936950     0.172299
      11      1.00000     0.278679     0.721321     0.112060     0.166619
      12      1.00000     0.442850     0.557150     0.170180     0.272670
       1      1.00000     0.424912     0.575088     0.143024     0.281888
       2      1.00000     0.360744     0.639256     0.166427     0.194317
       3      1.00000     0.394465     0.605535     0.145174     0.249291
       4      1.00000     0.425208     0.574792     0.138643     0.286565
       5      1.00000     0.432013     0.567987    0.0863669     0.345646
       6      1.00000     0.396426     0.603574    0.0888474     0.307579
       7      1.00000     0.313741     0.686259    0.0764716     0.237269
       8      1.00000     0.364964     0.635036    0.0957728     0.269191
       9      1.00000     0.286956     0.713044    0.0852933     0.201662
      10      1.00000     0.346556     0.653444     0.126247     0.220309
      11      1.00000     0.378498     0.621502     0.150596     0.227902
      12      1.00000     0.429461     0.570539     0.187361     0.242100
       1      1.00000     0.287807     0.712193     0.142304     0.145504
       2      1.00000     0.340497     0.659503     0.150444     0.190053
       3      1.00000     0.322671     0.677329     0.143217     0.179453
       4      1.00000     0.410873     0.589127     0.131030     0.279843
       5      1.00000     0.412984     0.587016     0.103019     0.309965
       6      1.00000     0.508838     0.491162    0.0710688     0.437769
       7      1.00000     0.461735     0.538265    0.0889373     0.372798
       8      1.00000     0.384628     0.615372    0.0994918     0.285136
       9      1.00000     0.388397     0.611603     0.102400     0.285997
      10      1.00000     0.274620     0.725380     0.105418     0.169202
      11      1.00000     0.349552     0.650448     0.147923     0.201630
      12      1.00000     0.370974     0.629026     0.164725     0.206249
       1      1.00000     0.389286     0.610714     0.128590     0.260696
       2      1.00000     0.281656     0.718344     0.155835     0.125821
       3      1.00000     0.428535     0.571465     0.150535     0.278000
       4      1.00000     0.426943     0.573057     0.125031     0.301912
       5      1.00000     0.456065     0.543935     0.103774     0.352291
       6      1.00000     0.425280     0.574720    0.0881071     0.337173
       7      1.00000     0.464929     0.535071    0.0776837     0.387245
       8      1.00000     0.378275     0.621725    0.0923230     0.285952
       9      1.00000     0.367591     0.632409    0.0754561     0.292135
      10      1.00000     0.258833     0.741167    0.0809069     0.177926
      11      1.00000     0.304710     0.695290     0.105126     0.199584
      12      1.00000     0.442701     0.557299     0.150579     0.292122
       1      1.00000     0.396957     0.603043     0.152941     0.244016
       3      1.00000     0.430447     0.569553     0.140078     0.290370
       4      1.00000     0.333432     0.666568     0.112697     0.220735
       5      1.00000     0.451981     0.548019     0.102800     0.349181
       6      1.00000     0.379797     0.620203    0.0783773     0.301420
       7      1.00000     0.351642     0.648358    0.0516341     0.300008
       8      1.00000     0.370588     0.629412    0.0743080     0.296280
       9      1.00000     0.326762     0.673238    0.0738007     0.252962
      10      1.00000     0.307384     0.692616    0.0957806     0.211603
      11      1.00000     0.312083     0.687917     0.106295     0.205788
      12      1.00000     0.388342     0.611658     0.149821     0.238521
       1      1.00000     0.402130     0.597870     0.158382     0.243748
       2      1.00000     0.299480     0.700520     0.122960     0.176520
       3      1.00000     0.328380     0.671620     0.123885     0.204494
       4      1.00000     0.401552     0.598448     0.123397     0.278155
       5      1.00000     0.401903     0.598097     0.106509     0.295394
       6      1.00000     0.483210     0.516790    0.0951622     0.388048
       7      1.00000     0.314763     0.685237    0.0844731     0.230290
       8      1.00000     0.373694     0.626306    0.0820226     0.291671
       9      1.00000     0.299908     0.700092    0.0818071     0.218101
      10      1.00000     0.322831     0.677169    0.0896816     0.233150
      11      1.00000     0.247039     0.752961    0.0980263     0.149013
      12      1.00000     0.366212     0.633788     0.139893     0.226319
       1      1.00000     0.420216     0.579784     0.159418     0.260798
       2      1.00000     0.414863     0.585137     0.151082     0.263782
       3      1.00000     0.314615     0.685385     0.136810     0.177805
       4      1.00000     0.339202     0.660798     0.137050     0.202152
       5      1.00000     0.463822     0.536178     0.103695     0.360128
       6      1.00000     0.502887     0.497113    0.0800770     0.422810
       7      1.00000     0.458704     0.541296    0.0783133     0.380391
       8      1.00000     0.348135     0.651865    0.0797863     0.268348
       9      1.00000     0.408857     0.591143    0.0852628     0.323594
      10      1.00000     0.334080     0.665920     0.112068     0.222013
      11      1.00000     0.495747     0.504253     0.160088     0.335658
      12      1.00000     0.461002     0.538998     0.181991     0.279011
       1      1.00000     0.375141     0.624859     0.153716     0.221425
       2      1.00000     0.428438     0.571563     0.192969     0.235469
       3      1.00000     0.385942     0.614058     0.160625     0.225317
       4      1.00000     0.404986     0.595014     0.118021     0.286965
       5      1.00000     0.390922     0.609078    0.0986288     0.292293
       6      1.00000     0.487638     0.512362    0.0860927     0.401545
       7      1.00000     0.414035     0.585965    0.0743688     0.339666
       8      1.00000     0.428534     0.571466    0.0830301     0.345504
       9         -NaN         -NaN         -NaN         -NaN         -NaN
      10      1.00000     0.367484     0.632516     0.119977     0.247506
      11      1.00000     0.398147     0.601853     0.142515     0.255632
      12      1.00000     0.401380     0.598620     0.158542     0.242838
       1      1.00000     0.496047     0.503953     0.176249     0.319799
       2      1.00000     0.442143     0.557857     0.135125     0.307018
       3      1.00000     0.473179     0.526821     0.145687     0.327492
       4      1.00000     0.437382     0.562618     0.161041     0.276341
       5      1.00000     0.416338     0.583662     0.112692     0.303646
       6      1.00000     0.422310     0.577690    0.0909945     0.331316
