time,all aerosol,cld aerosol,cloud-free, incld-aero, isolate-aero
       1      1.00000     0.304678     0.695322     0.155232     0.149446
       2      1.00000     0.324659     0.675341     0.174217     0.150442
       3      1.00000     0.503391     0.496609     0.310694     0.192697
       4      1.00000     0.547163     0.452837     0.251091     0.296073
       5      1.00000     0.425206     0.574794     0.145893     0.279313
       6      1.00000     0.620053     0.379947     0.201685     0.418369
       7      1.00000     0.595903     0.404097     0.169563     0.426340
       8      1.00000     0.430552     0.569448     0.165597     0.264955
       9      1.00000     0.349127     0.650873     0.142816     0.206311
      10      1.00000     0.327140     0.672860     0.164039     0.163101
      11      1.00000     0.259331     0.740669     0.125475     0.133856
      12      1.00000     0.359246     0.640754     0.210442     0.148804
       1      1.00000     0.379459     0.620541     0.214720     0.164739
       2      1.00000     0.329092     0.670908     0.187544     0.141547
       3      1.00000     0.400281     0.599719     0.222018     0.178263
       4      1.00000     0.586382     0.413618     0.287874     0.298507
       5      1.00000     0.468434     0.531566     0.201013     0.267421
       6      1.00000     0.685560     0.314440     0.227359     0.458201
       7      1.00000     0.514072     0.485928     0.158322     0.355750
       8      1.00000     0.502639     0.497361     0.132872     0.369767
       9      1.00000     0.413474     0.586526     0.143188     0.270286
      10      1.00000     0.312694     0.687306     0.120894     0.191800
      11      1.00000     0.285785     0.714215     0.126906     0.158879
      12      1.00000     0.238660     0.761340     0.118213     0.120447
       1      1.00000     0.269371     0.730629     0.146764     0.122607
       2      1.00000     0.404117     0.595883     0.254605     0.149512
       3      1.00000     0.444926     0.555074     0.228968     0.215958
       4      1.00000     0.462428     0.537572     0.214776     0.247652
       5      1.00000     0.411957     0.588043     0.165145     0.246813
       6      1.00000     0.462329     0.537671     0.152379     0.309950
       7      1.00000     0.524901     0.475099     0.117137     0.407764
       8      1.00000     0.456807     0.543193     0.158136     0.298671
       9      1.00000     0.408298     0.591702     0.162162     0.246136
      10      1.00000     0.299028     0.700972     0.118325     0.180703
      11      1.00000     0.346154     0.653846     0.185535     0.160619
      12      1.00000     0.313910     0.686090     0.195690     0.118219
       1      1.00000     0.407655     0.592345     0.228653     0.179002
       2      1.00000     0.529539     0.470461     0.303960     0.225580
       3      1.00000     0.474384     0.525616     0.237148     0.237236
       4      1.00000     0.531869     0.468131     0.251948     0.279921
       5      1.00000     0.489634     0.510366     0.199100     0.290534
       6      1.00000     0.577298     0.422702     0.172321     0.404977
       7      1.00000     0.581239     0.418761     0.142436     0.438804
       8      1.00000     0.472234     0.527766     0.139341     0.332893
       9      1.00000     0.400513     0.599487     0.162021     0.238493
      10      1.00000     0.319285     0.680715     0.150442     0.168843
      11      1.00000     0.253971     0.746029     0.121801     0.132170
      12      1.00000     0.253524     0.746476     0.112897     0.140627
       1      1.00000     0.402160     0.597840     0.217461     0.184699
       2      1.00000     0.440098     0.559902     0.264874     0.175224
       3      1.00000     0.388434     0.611566     0.210361     0.178072
       4      1.00000     0.403615     0.596385     0.215761     0.187854
       5      1.00000     0.455184     0.544816     0.182828     0.272356
       6      1.00000     0.624313     0.375687     0.191084     0.433229
       7      1.00000     0.601608     0.398392     0.129271     0.472337
       8      1.00000     0.450537     0.549463     0.132956     0.317581
       9      1.00000     0.484315     0.515685     0.202627     0.281688
      10      1.00000     0.344344     0.655656     0.154235     0.190108
      11      1.00000     0.367101     0.632899     0.200247     0.166854
      12      1.00000     0.323296     0.676704     0.159822     0.163474
       1      1.00000     0.443370     0.556630     0.268195     0.175175
       2      1.00000     0.531299     0.468701     0.371500     0.159799
       3      1.00000     0.447320     0.552680     0.249311     0.198009
       4      1.00000     0.523652     0.476348     0.216522     0.307131
       5      1.00000     0.496942     0.503058     0.210872     0.286070
       6      1.00000     0.552911     0.447089     0.178591     0.374320
       7      1.00000     0.576590     0.423410     0.141385     0.435205
       8      1.00000     0.512177     0.487823     0.149224     0.362953
       9      1.00000     0.385555     0.614445     0.141689     0.243866
      10      1.00000     0.325034     0.674966     0.146229     0.178805
      11      1.00000     0.333079     0.666921     0.141849     0.191230
      12      1.00000     0.370827     0.629173     0.226372     0.144455
       1      1.00000     0.320600     0.679400     0.207309     0.113291
       2      1.00000     0.474049     0.525951     0.294430     0.179619
       3      1.00000     0.414239     0.585761     0.209434     0.204805
       4      1.00000     0.516848     0.483152     0.282366     0.234482
       5      1.00000     0.463682     0.536318     0.154189     0.309493
       6      1.00000     0.465726     0.534274     0.171425     0.294301
       7      1.00000     0.455912     0.544088     0.111441     0.344471
       8      1.00000     0.362481     0.637519     0.113685     0.248796
       9      1.00000     0.339560     0.660440     0.140040     0.199520
      10      1.00000     0.263510     0.736490     0.115744     0.147766
      11      1.00000     0.260660     0.739340     0.137641     0.123019
      12      1.00000     0.258582     0.741418     0.117564     0.141018
       1      1.00000     0.195469     0.804531     0.112733    0.0827364
       2      1.00000     0.555523     0.444477     0.371652     0.183871
       3      1.00000     0.458181     0.541819     0.246065     0.212116
       4      1.00000     0.503090     0.496910     0.266461     0.236629
       5      1.00000     0.525303     0.474697     0.184056     0.341247
       6      1.00000     0.618785     0.381215     0.172022     0.446764
       7      1.00000     0.473819     0.526181     0.133419     0.340400
       8      1.00000     0.507061     0.492939     0.144085     0.362976
       9      1.00000     0.391552     0.608448     0.133554     0.257998
      10      1.00000     0.290439     0.709561     0.123960     0.166479
      11      1.00000     0.303375     0.696625     0.163808     0.139567
      12      1.00000     0.221616     0.778384    0.0986629     0.122953
       1      1.00000     0.302611     0.697389     0.151305     0.151305
       2      1.00000     0.373986     0.626014     0.228904     0.145082
       3      1.00000     0.472291     0.527709     0.266555     0.205737
       4      1.00000     0.433432     0.566568     0.181479     0.251953
       5      1.00000     0.457422     0.542578     0.181567     0.275855
       6      1.00000     0.507185     0.492815     0.128952     0.378233
       7      1.00000     0.492925     0.507075     0.152569     0.340355
       8      1.00000     0.365423     0.634577     0.108133     0.257290
       9      1.00000     0.342835     0.657165     0.119061     0.223774
      10      1.00000     0.255448     0.744552     0.119777     0.135671
      11      1.00000     0.504628     0.495372     0.287518     0.217111
      12      1.00000     0.377282     0.622718     0.225340     0.151942
       1      1.00000     0.348587     0.651413     0.194749     0.153838
       3      1.00000     0.437715     0.562285     0.229699     0.208016
       4      1.00000     0.510816     0.489184     0.231367     0.279449
       5      1.00000     0.545086     0.454914     0.183853     0.361233
       6      1.00000     0.543867     0.456133     0.150763     0.393104
       7      1.00000     0.419108     0.580892     0.100616     0.318492
       8      1.00000     0.432504     0.567496     0.129641     0.302863
       9      1.00000     0.382576     0.617424     0.133207     0.249369
      10      1.00000     0.394924     0.605076     0.188139     0.206785
      11      1.00000     0.336993     0.663007     0.189738     0.147255
      12      1.00000     0.348495     0.651505     0.142093     0.206402
       1      1.00000     0.369341     0.630659     0.204294     0.165048
       2      1.00000     0.384682     0.615318     0.240450     0.144232
       3      1.00000     0.487796     0.512204     0.264703     0.223093
       4      1.00000     0.405838     0.594162     0.180846     0.224992
       5      1.00000     0.430500     0.569500     0.182292     0.248208
       6      1.00000     0.579179     0.420821     0.150446     0.428733
       7      1.00000     0.575020     0.424980     0.101879     0.473141
       8      1.00000     0.461499     0.538501     0.106263     0.355236
       9      1.00000     0.467348     0.532652     0.119723     0.347625
      10      1.00000     0.363683     0.636317     0.135761     0.227922
      11      1.00000     0.289007     0.710993     0.149056     0.139952
      12      1.00000     0.265135     0.734865     0.101653     0.163482
       1      1.00000     0.334701     0.665299     0.174426     0.160275
       2      1.00000     0.413629     0.586371     0.213503     0.200126
       3      1.00000     0.403020     0.596980     0.202323     0.200697
       4      1.00000     0.435097     0.564903     0.210583     0.224514
       5      1.00000     0.438809     0.561191     0.173597     0.265212
       6      1.00000     0.483225     0.516775     0.144262     0.338963
       7      1.00000     0.453121     0.546879     0.142883     0.310237
       8      1.00000     0.367529     0.632471     0.113123     0.254406
       9      1.00000     0.315926     0.684074     0.103957     0.211969
      10      1.00000     0.222728     0.777272    0.0944192     0.128309
      11      1.00000     0.346834     0.653166     0.164361     0.182474
      12      1.00000     0.360499     0.639501     0.194491     0.166008
       1      1.00000     0.347318     0.652682     0.191194     0.156123
       2      1.00000     0.531550     0.468450     0.304913     0.226638
       3      1.00000     0.390107     0.609893     0.211336     0.178771
       4      1.00000     0.527844     0.472156     0.241230     0.286614
       5      1.00000     0.477706     0.522294     0.210689     0.267017
       6      1.00000     0.576125     0.423875     0.149987     0.426138
       7      1.00000     0.564732     0.435268     0.126807     0.437925
       8      1.00000     0.426012     0.573988     0.107268     0.318744
       9      1.00000     0.344660     0.655340     0.135922     0.208738
      10      1.00000     0.293509     0.706491     0.136878     0.156631
      11      1.00000     0.315327     0.684673     0.126414     0.188914
      12      1.00000     0.256225     0.743775     0.139815     0.116410
       1      1.00000     0.419824     0.580176     0.221683     0.198141
       2      1.00000     0.403558     0.596442     0.242224     0.161334
       3      1.00000     0.459978     0.540022     0.248669     0.211309
       4      1.00000     0.398065     0.601935     0.159833     0.238232
       5      1.00000     0.499487     0.500513     0.188951     0.310536
       6      1.00000     0.568863     0.431137     0.148476     0.420387
