time,all aerosol,cld aerosol,cloud-free, incld-aero, isolate-aero
       1     0.331445     0.233049     0.374561     0.237223     0.228713
       2     0.299854     0.253648     0.322066     0.211117     0.302901
       3     0.354960     0.269177     0.441914     0.230169     0.332071
       4     0.298218     0.273505     0.328080     0.273114     0.273837
       5     0.347705     0.304503     0.379664     0.376426     0.266936
       6     0.311207     0.265511     0.385782     0.283349     0.256911
       7     0.302378     0.281682     0.332899     0.275694     0.284063
       8     0.304490     0.275411     0.326476     0.290152     0.266197
       9     0.289405     0.299969     0.283739     0.309742     0.293204
      10     0.320882     0.313120     0.324656     0.318855     0.307352
      11     0.311474     0.281452     0.321986     0.279640     0.283150
      12     0.300004     0.233059     0.337538     0.214086     0.259890
       1     0.270400     0.187841     0.320884     0.152099     0.234427
       2     0.293595     0.208828     0.335174     0.179732     0.247380
       3     0.350052     0.276626     0.399060     0.283604     0.267936
       4     0.335702     0.251734     0.454742     0.244481     0.258728
       5     0.346477     0.280690     0.404450     0.318022     0.252629
       6     0.316565     0.268505     0.421349     0.294953     0.255381
       7     0.328124     0.269337     0.390316     0.273440     0.267510
       8     0.306007     0.288130     0.324073     0.258405     0.298811
       9     0.330418     0.278295     0.367163     0.268629     0.283415
      10     0.273185     0.238354     0.289031     0.217656     0.251400
      11     0.251422     0.209217     0.268310     0.178361     0.233863
      12     0.262993     0.202862     0.281843     0.188847     0.216617
       1     0.258467     0.195410     0.281715     0.161193     0.236369
       2     0.335040     0.214993     0.416453     0.217263     0.211128
       3     0.311349     0.249042     0.361292     0.230712     0.268477
       4     0.324817     0.254295     0.385481     0.206115     0.296079
       5     0.259707     0.218111     0.288847     0.219510     0.217176
       6     0.305678     0.268808     0.337382     0.271404     0.267532
       7     0.278853     0.273986     0.284229     0.296271     0.267585
       8     0.308352     0.273360     0.337779     0.234583     0.293891
       9     0.332574     0.295255     0.358326     0.290573     0.298339
      10     0.320639     0.284363     0.336113     0.251651     0.305783
      11     0.248032     0.192623     0.277367     0.162183     0.227785
      12     0.298353     0.207226     0.340047     0.169695     0.269352
       1     0.292335     0.187029     0.364807     0.164450     0.215870
       2     0.258779     0.225607     0.296116     0.186881     0.277789
       3     0.343863     0.287341     0.394876     0.254950     0.319719
       4     0.317140     0.278395     0.361159     0.245668     0.307852
       5     0.323166     0.259942     0.383821     0.235614     0.276614
       6     0.367673     0.325016     0.425932     0.331638     0.322198
       7     0.322398     0.294372     0.361297     0.289674     0.295897
       8     0.306962     0.260129     0.348867     0.260378     0.260024
       9     0.273126     0.265874     0.277971     0.227970     0.291624
      10     0.321414     0.288132     0.337024     0.272862     0.301739
      11     0.329863     0.280092     0.346807     0.267298     0.291881
      12     0.279560     0.218996     0.300130     0.187346     0.244405
       1     0.238082     0.182344     0.275577     0.159858     0.208818
       2     0.340723     0.222043     0.434009     0.192630     0.266505
       3     0.272906     0.236921     0.295762     0.222188     0.254325
       4     0.329423     0.289013     0.356772     0.274695     0.305459
       5     0.306740     0.250331     0.353869     0.246548     0.252871
       6     0.311928     0.220330     0.464145     0.275602     0.195952
       7     0.348413     0.300598     0.420619     0.300724     0.300563
       8     0.314886     0.265659     0.355249     0.290430     0.255289
       9     0.276897     0.244199     0.307605     0.205130     0.272303
      10     0.290243     0.260491     0.305869     0.267759     0.254594
      11     0.285654     0.208226     0.330566     0.176634     0.246140
      12     0.278359     0.217934     0.307227     0.188323     0.246883
       1     0.270117     0.230840     0.301401     0.188517     0.295637
       2     0.226037     0.172239     0.287021     0.149388     0.225362
       3     0.300965     0.246409     0.345121     0.214512     0.286570
       4     0.336529     0.282484     0.395940     0.283190     0.281986
       5     0.318554     0.255901     0.380446     0.229954     0.275028
       6     0.344317     0.311264     0.385193     0.301831     0.315764
       7     0.240249     0.209462     0.282175     0.219503     0.206199
       8     0.330420     0.295587     0.366992     0.287417     0.298946
       9     0.266885     0.245569     0.280261     0.273684     0.229234
      10     0.342312     0.270702     0.376797     0.311746     0.237135
      11     0.257595     0.233324     0.269717     0.203592     0.255379
      12     0.285175     0.197075     0.337100     0.176608     0.229147
       1     0.294159     0.196573     0.340209     0.171711     0.242066
       2     0.247340     0.188059     0.300772     0.156021     0.240575
       3     0.366225     0.297926     0.414525     0.286418     0.309693
       4     0.306002     0.250578     0.365292     0.228144     0.277593
       5     0.251623     0.208730     0.288706     0.224151     0.201048
       6     0.321291     0.285471     0.352516     0.281862     0.287573
       7     0.234678     0.232320     0.236653     0.228009     0.233714
       8     0.275576     0.254015     0.287834     0.277051     0.243489
       9     0.317043     0.329740     0.310515     0.343467     0.320105
      10     0.360588     0.313292     0.377510     0.377426     0.263056
      11     0.308518     0.244704     0.331016     0.239584     0.250433
      12     0.341195     0.249342     0.373231     0.243697     0.254049
       1     0.349354     0.293587     0.362904     0.302675     0.281204
       2     0.277165     0.183630     0.394068     0.166296     0.218667
       3     0.335285     0.261775     0.397448     0.224239     0.305319
       4     0.332062     0.249576     0.415574     0.210986     0.293031
       5     0.287439     0.248170     0.330894     0.247378     0.248598
       6     0.300399     0.272793     0.345210     0.317213     0.255689
       7     0.339578     0.265142     0.406607     0.321053     0.243228
       8     0.314727     0.294162     0.335882     0.303643     0.290398
       9     0.292072     0.266983     0.308218     0.295181     0.252385
      10     0.321658     0.283640     0.337220     0.291470     0.277809
      11     0.248784     0.250659     0.247967     0.227113     0.278295
      12     0.247889     0.226834     0.253884     0.198680     0.249426
       1     0.264242     0.203422     0.290634     0.188309     0.218534
       2     0.291698     0.210683     0.340096     0.185404     0.250568
       3     0.313037     0.241371     0.377176     0.222520     0.265795
       4     0.292487     0.250373     0.324705     0.225659     0.268174
       5     0.220596     0.209775     0.229719     0.194261     0.219986
       6     0.214183     0.197244     0.231617     0.168602     0.207009
       7     0.292511     0.247321     0.336440     0.262549     0.240495
       8     0.297525     0.278391     0.308543     0.295254     0.271304
       9     0.280225     0.278599     0.281074     0.288297     0.273440
      10     0.272543     0.254281     0.278808     0.254090     0.254450
      11     0.203984     0.181287     0.227105     0.146704     0.227085
      12     0.255551     0.192502     0.293750     0.166104     0.231651
       1     0.216378     0.175625     0.238186     0.145316     0.213995
       3     0.329096     0.268501     0.376266     0.258492     0.279554
       4     0.319301     0.299504     0.339974     0.285263     0.311295
       5     0.225614     0.215713     0.237478     0.197184     0.225143
       6     0.234763     0.217028     0.255910     0.213090     0.218539
       7     0.259309     0.232170     0.278889     0.215752     0.237357
       8     0.274807     0.281868     0.269425     0.250813     0.295162
       9     0.308940     0.273849     0.330684     0.250120     0.286525
      10     0.201641     0.200603     0.202319     0.166706     0.231444
      11     0.254702     0.209984     0.277432     0.175492     0.254425
      12     0.247677     0.210699     0.267456     0.196091     0.220756
       1     0.241799     0.186819     0.273997     0.137184     0.248256
       2     0.257756     0.169765     0.312766     0.158084     0.189240
       3     0.251872     0.201663     0.299689     0.178103     0.229617
       4     0.258583     0.239363     0.271711     0.230674     0.246347
       5     0.257467     0.226959     0.280529     0.233677     0.222025
       6     0.251799     0.215763     0.301395     0.250339     0.203630
       7     0.260185     0.176591     0.373293     0.202073     0.171104
       8     0.227518     0.216204     0.237214     0.225088     0.213546
       9     0.244894     0.255596     0.235504     0.214367     0.269796
      10     0.230905     0.212792     0.241258     0.168003     0.239470
      11     0.234459     0.224326     0.238578     0.201827     0.248289
      12     0.234265     0.210545     0.242823     0.182760     0.227821
       1     0.203449     0.188799     0.210820     0.160848     0.219218
       2     0.243245     0.204047     0.270896     0.172796     0.237387
       3     0.312761     0.256659     0.350635     0.239385     0.274072
       4     0.288518     0.226408     0.336355     0.226541     0.226284
       5     0.241169     0.230398     0.249590     0.189507     0.257163
       6     0.220920     0.212029     0.229234     0.192240     0.220451
       7     0.270751     0.256913     0.282216     0.252692     0.258858
       8     0.248432     0.244262     0.250855     0.229922     0.250638
       9     0.201034     0.211485     0.196207     0.211847     0.211308
      10     0.228333     0.241934     0.224435     0.254641     0.232583
      11     0.238408     0.207807     0.254657     0.182205     0.230868
      12     0.198303     0.196938     0.199072     0.174355     0.223396
       1     0.223784     0.184582     0.244644     0.162652     0.211438
       2     0.223369     0.178440     0.274349     0.128763     0.245274
       3     0.278314     0.230480     0.308909     0.204008     0.261776
       4     0.273164     0.229364     0.322130     0.215870     0.240722
       5     0.237089     0.218610     0.253991     0.190671     0.240655
       6     0.228638     0.195654     0.273471     0.195370     0.195753
       7     0.291414     0.240834     0.357038     0.251262     0.237814
       8     0.240845     0.238886     0.242300     0.205817     0.250015
       9    0.0983735     0.150612    0.0708998    0.0620162     0.208303
      10     0.256014     0.249682     0.258644     0.231043     0.265971
      11     0.222654     0.234120     0.217374     0.169553     0.277326
      12     0.228610     0.183684     0.244087     0.140124     0.236002
       1     0.224949     0.175884     0.260453     0.158478     0.195358
       2     0.219149     0.157759     0.260685     0.141627     0.181979
       3     0.263085     0.219697     0.300041     0.206729     0.234958
       4     0.252285     0.221185     0.272852     0.190970     0.241456
       5     0.229890     0.206317     0.253415     0.189282     0.216682
       6     0.186905     0.170935     0.207977     0.197863     0.161424
