time,all aerosol,cld aerosol,cloud-free, incld-aero, isolate-aero
       1     0.128383     0.151393     0.114522     0.158031     0.146763
       2     0.133839     0.140452     0.130357     0.137086     0.143954
       3     0.160751     0.167077     0.156534     0.151953     0.174568
       4     0.125115     0.127643     0.124035     0.167104     0.102734
       5     0.213531     0.242389     0.195689     0.208417     0.256435
       6     0.202163     0.224309     0.185051     0.248641     0.217604
       7     0.187048     0.195145     0.180383     0.205868     0.192269
       8     0.256461     0.262598     0.252449     0.208763     0.278402
       9     0.174579     0.149290     0.183814     0.195851     0.135272
      10     0.134128     0.153939     0.125523     0.179475     0.140738
      11     0.126331     0.156770     0.112386     0.154462     0.158448
      12     0.127951     0.153903     0.110147     0.156536     0.151916
       1     0.117815     0.142362     0.100291     0.154850     0.133884
       2     0.135331     0.162471     0.118382     0.177778     0.152678
       3     0.143799     0.135454     0.148907     0.144373     0.128799
       4     0.133038     0.140197     0.127560     0.137579     0.141620
       5     0.152411     0.152927     0.152106     0.150448     0.154292
       6     0.181019     0.198288     0.168555     0.201487     0.197511
       7     0.175702     0.193477     0.164973     0.203790     0.190653
       8     0.162848     0.165607     0.161107     0.157333     0.167104
       9     0.153844     0.180526     0.138785     0.177096     0.181460
      10     0.102826     0.129661    0.0928664     0.154414     0.119213
      11     0.107957     0.145584    0.0942353     0.149936     0.142737
      12     0.127745     0.150069     0.117755     0.137340     0.162725
       1     0.130263     0.166134     0.113172     0.170902     0.162553
       2     0.122061     0.145009     0.111546     0.158050     0.136346
       3     0.126841     0.149330     0.113683     0.168245     0.139177
       4     0.125741     0.147527     0.113105     0.126815     0.158600
       5     0.140474     0.163725     0.120629     0.156842     0.166310
       6     0.168211     0.174253     0.163603     0.187318     0.171480
       7     0.179034     0.197691     0.162999     0.202426     0.196510
       8     0.164203     0.168489     0.162194     0.167934     0.168631
       9     0.125271     0.156186     0.110737     0.165479     0.153236
      10     0.100631     0.141441    0.0798906     0.149542     0.137036
      11     0.110073     0.149940    0.0886780     0.156141     0.146681
      12     0.132895     0.160287     0.115182     0.142171     0.174648
       1     0.118860     0.157242    0.0972714     0.163863     0.152468
       2     0.129275     0.171553     0.107256     0.196918     0.147510
       3     0.104900     0.114147     0.100574     0.124073     0.108848
       4     0.119064     0.136946     0.110962     0.153039     0.130776
       5     0.159921     0.165247     0.157214     0.129483     0.184378
       6     0.161613     0.179764     0.151910     0.161474     0.184309
       7     0.201049     0.209626     0.196696     0.209409     0.209672
       8     0.181172     0.165768     0.189439     0.200553     0.157992
       9     0.149245     0.181025     0.139107     0.206110     0.173267
      10     0.105061     0.150315    0.0939365     0.146665     0.152409
      11     0.106405     0.131987    0.0958552     0.161398     0.115175
      12     0.110267     0.121673     0.104483     0.125708     0.117285
       1     0.130496     0.165301     0.111746     0.171160     0.159898
       2     0.132740     0.156690     0.123289     0.172868     0.144020
       3     0.134307     0.133644     0.134682     0.154417     0.119068
       4     0.137258     0.142323     0.134314     0.145701     0.140632
       5     0.158144     0.159898     0.157007     0.163404     0.158199
       6     0.163362     0.170893     0.157483     0.182578     0.168180
       7     0.197661     0.214595     0.185411     0.222162     0.212800
       8     0.160038     0.168281     0.155603     0.173018     0.167342
       9     0.153282     0.152420     0.153589     0.152929     0.152182
      10     0.102433     0.154755    0.0842441     0.158089     0.153286
      11     0.122669     0.157595     0.107929     0.167344     0.152449
      12     0.101853     0.137533    0.0847602     0.149405     0.127780
       1     0.104769     0.138984    0.0876351     0.148203     0.131777
       2     0.116223     0.143068    0.0923586     0.149286     0.138727
       3     0.128199     0.148270     0.117328     0.138996     0.153077
       4     0.121177     0.144994     0.111719     0.153277     0.140000
       5     0.158887     0.181777     0.145992     0.149709     0.195143
       6     0.150259     0.165289     0.141662     0.174124     0.162495
       7     0.178778     0.185836     0.175005     0.209420     0.179945
       8     0.156925     0.171026     0.147140     0.180197     0.168489
       9     0.117473     0.125170     0.113821     0.160170     0.115766
      10     0.115413     0.145953     0.104345     0.156576     0.140176
      11     0.100290     0.118920    0.0930922     0.120984     0.117532
      12     0.115055     0.125860     0.106466     0.124150     0.126927
       1     0.134368     0.154378     0.119584     0.168373     0.147277
       2     0.131201     0.145720     0.123008     0.172149     0.123084
       3     0.116133     0.115753     0.116380     0.146816    0.0976630
       4     0.129907     0.129194     0.130436     0.138157     0.124857
       5     0.132770     0.162860     0.109884     0.169444     0.161215
       6     0.156721     0.181429     0.140492     0.182662     0.181073
       7     0.152668     0.169767     0.144850     0.156573     0.174020
       8     0.151702     0.153552     0.150639     0.166098     0.149088
       9     0.140544     0.153614     0.135284     0.160105     0.150869
      10    0.0976794     0.137605    0.0765047     0.173630     0.116961
      11     0.116432     0.141942     0.100896     0.160165     0.129900
      12     0.130835     0.157653     0.110648     0.145895     0.166753
       1     0.134557     0.157756     0.125182     0.174996     0.140894
       2     0.115814     0.142240     0.102171     0.170477     0.119889
       3     0.117947     0.147562     0.103839     0.155190     0.141473
       4     0.115492     0.146773    0.0936758     0.138756     0.150527
       5     0.135881     0.151103     0.125172     0.147534     0.152289
       6     0.146546     0.160728     0.131854     0.153898     0.161837
       7     0.153858     0.155800     0.152193     0.165646     0.153451
       8     0.187495     0.180619     0.191793     0.177994     0.181535
       9     0.112724     0.130870     0.101201     0.132329     0.130347
      10     0.100190     0.146075    0.0828179     0.163579     0.135170
      11     0.110243     0.134853    0.0970178     0.122067     0.144233
      12     0.108830     0.137244    0.0920720     0.149202     0.127694
       1     0.134634     0.153578     0.122558     0.184941     0.138109
       2     0.155870     0.188869     0.142931     0.205342     0.168466
       3     0.117280     0.138472     0.101389     0.143478     0.135761
       4     0.120368     0.131543     0.112042     0.133809     0.130604
       5     0.144634     0.150235     0.139938     0.123590     0.158084
       6     0.146032     0.147654     0.144831     0.171143     0.141516
       7     0.194809     0.194107     0.195419     0.197587     0.193409
       8     0.154501     0.157131     0.152900     0.170673     0.152759
       9     0.133560     0.140337     0.129621     0.168333     0.133106
      10     0.107786     0.137120    0.0975412     0.130441     0.140158
      11     0.112717     0.144752    0.0986771     0.157592     0.137989
      12     0.139825     0.186046     0.103108     0.165966     0.196396
       1     0.119884     0.155733    0.0962860     0.193461     0.132086
       3     0.124267     0.157357    0.0992587     0.186657     0.143222
       4     0.126094     0.155244     0.111512     0.147048     0.159429
       5     0.123342     0.138170     0.111113     0.146843     0.135617
       6     0.140574     0.150091     0.134746     0.155396     0.148711
       7     0.131393     0.147885     0.122448     0.181791     0.142049
       8     0.134592     0.156874     0.121472     0.191295     0.148241
       9     0.113583     0.134115     0.103618     0.158076     0.127124
      10     0.120685     0.167263     0.100013     0.191518     0.156285
      11     0.110255     0.142348    0.0956959     0.138646     0.144260
      12     0.120672     0.138112     0.109600     0.165378     0.120986
       1     0.143298     0.157088     0.134022     0.173041     0.146722
       2     0.122934     0.151747     0.110616     0.160759     0.145469
       3     0.145165     0.175878     0.130147     0.186441     0.169479
       4     0.139764     0.171544     0.118440     0.179520     0.168006
       5     0.121217     0.136719     0.110801     0.141311     0.135063
       6     0.141605     0.156123     0.128031     0.166884     0.153484
       7     0.129075     0.155860     0.116772     0.172395     0.149794
       8     0.153566     0.171976     0.142582     0.164360     0.174118
       9     0.152218     0.176698     0.141731     0.159152     0.183280
      10     0.101091     0.128118    0.0882066     0.125389     0.129168
      11    0.0963926     0.136347    0.0832840     0.155343     0.123850
      12     0.112591     0.139673    0.0969422     0.150208     0.133162
       1     0.124851     0.141288     0.112937     0.166081     0.126133
       2     0.143475     0.161103     0.130977     0.172209     0.154741
       3     0.124161     0.122263     0.125032     0.119623     0.124295
       4     0.110195     0.122671     0.103791     0.118062     0.125795
       5     0.131331     0.139023     0.124676     0.124399     0.143234
       6     0.134222     0.145296     0.123019     0.174147     0.139832
       7     0.144225     0.160295     0.130606     0.164934     0.159340
       8     0.177903     0.178751     0.177450     0.198709     0.172818
       9     0.110048     0.131586    0.0951516     0.166519     0.122382
      10     0.121129     0.148130     0.107584     0.138560     0.152961
      11     0.121515     0.145900    0.0975415     0.168034     0.135344
      12     0.120416     0.140029     0.103641     0.132745     0.144781
       1     0.123431     0.149513     0.107772     0.166260     0.137887
       2     0.125379     0.139582     0.114732     0.134132     0.144048
       3     0.129769     0.137357     0.125000     0.139822     0.135600
       4     0.114219     0.132457     0.101806     0.167705     0.117960
       5     0.143280     0.156604     0.134729     0.142681     0.161303
       6     0.152555     0.169598     0.136335     0.219684     0.158859
       7     0.155705     0.180212     0.138388     0.203514     0.175110
       8     0.111316     0.131281    0.0963440     0.140826     0.128988
       9         -NaN         -NaN         -NaN         -NaN         -NaN
      10     0.114435     0.132142     0.104147     0.149037     0.123953
      11    0.0980444     0.137580    0.0718903     0.162013     0.123959
      12     0.131862     0.170204     0.106154     0.168448     0.171350
       1     0.149216     0.163247     0.135405     0.171716     0.158579
       2     0.114866     0.141029    0.0941300     0.140537     0.141245
       3     0.133192     0.145862     0.121813     0.152481     0.142918
       4     0.141162     0.154035     0.131155     0.184177     0.136469
       5     0.118092     0.151518    0.0942486     0.166714     0.145879
       6     0.156054     0.201063     0.123152     0.171408     0.209207
