time,all aerosol,cld aerosol,cloud-free, incld-aero, isolate-aero
       1      1.00000     0.587405     0.412595     0.241384     0.346021
       2      1.00000     0.537111     0.462889     0.244109     0.293002
       3      1.00000     0.376323     0.623677     0.157918     0.218405
       4      1.00000     0.361460     0.638541    0.0935718     0.267888
       5      1.00000     0.388913     0.611087     0.149587     0.239326
       6      1.00000     0.399746     0.600254     0.144727     0.255019
       7      1.00000     0.323255     0.676745     0.135550     0.187706
       8      1.00000     0.387962     0.612038     0.141136     0.246826
       9      1.00000     0.378876     0.621124     0.147568     0.231308
      10      1.00000     0.428868     0.571132     0.166019     0.262849
      11      1.00000     0.478931     0.521069     0.207332     0.271599
      12      1.00000     0.526510     0.473490     0.229707     0.296803
       1      1.00000     0.553386     0.446614     0.219501     0.333885
       2      1.00000     0.472232     0.527768     0.152306     0.319926
       3      1.00000     0.523002     0.476998     0.267676     0.255327
       4      1.00000     0.494716     0.505284     0.184025     0.310691
       5      1.00000     0.431136     0.568864     0.149327     0.281809
       6      1.00000     0.340998     0.659002     0.119695     0.221303
       7      1.00000     0.340712     0.659288     0.107000     0.233711
       8      1.00000     0.349313     0.650687     0.114351     0.234962
       9      1.00000     0.433956     0.566044     0.126074     0.307882
      10      1.00000     0.456536     0.543464     0.134302     0.322235
      11      1.00000     0.524412     0.475588     0.192362     0.332050
      12      1.00000     0.466625     0.533375     0.193755     0.272870
       1      1.00000     0.488955     0.511046     0.243876     0.245079
       2      1.00000     0.542190     0.457810     0.276032     0.266158
       3      1.00000     0.581053     0.418947     0.222256     0.358797
       4      1.00000     0.419382     0.580618     0.114724     0.304658
       5      1.00000     0.402322     0.597678     0.120453     0.281869
       6      1.00000     0.387901     0.612099     0.127689     0.260212
       7      1.00000     0.333278     0.666722     0.118922     0.214356
       8      1.00000     0.358766     0.641234    0.0944840     0.264282
       9      1.00000     0.390178     0.609822    0.0941331     0.296045
      10      1.00000     0.484058     0.515942     0.194044     0.290014
      11      1.00000     0.525746     0.474254     0.228677     0.297069
      12      1.00000     0.586607     0.413393     0.292981     0.293625
       1      1.00000     0.578498     0.421502     0.285155     0.293343
       2      1.00000     0.597916     0.402084     0.306023     0.291893
       3      1.00000     0.474932     0.525068     0.175051     0.299880
       4      1.00000     0.447758     0.552242     0.139024     0.308735
       5      1.00000     0.504451     0.495549     0.207927     0.296523
       6      1.00000     0.341690     0.658310     0.107087     0.234603
       7      1.00000     0.306972     0.693028     0.106366     0.200606
       8      1.00000     0.398548     0.601452     0.132126     0.266422
       9      1.00000     0.436115     0.563885     0.136832     0.299283
      10      1.00000     0.363159     0.636841     0.109458     0.253700
      11      1.00000     0.566265     0.433735     0.225406     0.340859
      12      1.00000     0.548250     0.451750     0.286438     0.261812
       1      1.00000     0.550334     0.449666     0.256299     0.294035
       2      1.00000     0.489920     0.510080     0.204690     0.285229
       3      1.00000     0.338739     0.661261     0.127835     0.210903
       4      1.00000     0.376101     0.623899     0.135738     0.240363
       5      1.00000     0.408918     0.591082     0.118145     0.290774
       6      1.00000     0.367501     0.632499     0.109420     0.258081
       7      1.00000     0.383778     0.616222     0.140537     0.243241
       8      1.00000     0.371790     0.628210     0.121923     0.249867
       9      1.00000     0.365869     0.634131     0.141946     0.223923
      10      1.00000     0.338379     0.661620     0.124951     0.213428
      11      1.00000     0.396753     0.603247     0.131217     0.265536
      12      1.00000     0.540464     0.459536     0.240983     0.299482
       1      1.00000     0.569411     0.430589     0.225284     0.344127
       2      1.00000     0.445468     0.554532     0.183379     0.262089
       3      1.00000     0.421756     0.578244     0.122268     0.299488
       4      1.00000     0.442876     0.557124     0.177516     0.265359
       5      1.00000     0.348049     0.651951     0.112890     0.235159
       6      1.00000     0.364255     0.635745     0.142325     0.221930
       7      1.00000     0.313654     0.686346    0.0962668     0.217387
       8      1.00000     0.356311     0.643689     0.113985     0.242326
       9      1.00000     0.426508     0.573492     0.145598     0.280910
      10      1.00000     0.481914     0.518086     0.172579     0.309335
      11      1.00000     0.484498     0.515502     0.215597     0.268901
      12      1.00000     0.596002     0.403998     0.321866     0.274137
       1      1.00000     0.614274     0.385726     0.324769     0.289505
       2      1.00000     0.607280     0.392720     0.335249     0.272031
       3      1.00000     0.442378     0.557622     0.199329     0.243049
       4      1.00000     0.377904     0.622096     0.128653     0.249251
       5      1.00000     0.425849     0.574151     0.127295     0.298553
       6      1.00000     0.392032     0.607968     0.131344     0.260688
       7      1.00000     0.345792     0.654208     0.117341     0.228452
       8      1.00000     0.315259     0.684741     0.101807     0.213451
       9      1.00000     0.427965     0.572035     0.168662     0.259304
      10      1.00000     0.486251     0.513749     0.180831     0.305420
      11      1.00000     0.516952     0.483048     0.229349     0.287603
      12      1.00000     0.510557     0.489443     0.182083     0.328474
       1      1.00000     0.535939     0.464061     0.254528     0.281411
       2      1.00000     0.536074     0.463926     0.183865     0.352209
       3      1.00000     0.432296     0.567704     0.126123     0.306172
       4      1.00000     0.471555     0.528445     0.151611     0.319944
       5      1.00000     0.428163     0.571837     0.158367     0.269796
       6      1.00000     0.424614     0.575386     0.134514     0.290100
       7      1.00000     0.334758     0.665242     0.105413     0.229345
       8      1.00000     0.384724     0.615276     0.117587     0.267137
       9      1.00000     0.360633     0.639367    0.0900818     0.270551
      10      1.00000     0.429071     0.570929     0.129340     0.299731
      11      1.00000     0.583970     0.416030     0.221223     0.362747
      12      1.00000     0.526660     0.473340     0.268329     0.258331
       1      1.00000     0.540259     0.459741     0.220272     0.319987
       2      1.00000     0.452155     0.547845     0.214689     0.237467
       3      1.00000     0.443108     0.556892     0.166737     0.276370
       4      1.00000     0.452671     0.547329     0.136852     0.315819
       5      1.00000     0.433052     0.566948     0.153477     0.279576
       6      1.00000     0.293141     0.706859    0.0840844     0.209057
       7      1.00000     0.308613     0.691387     0.105333     0.203280
       8      1.00000     0.310958     0.689042    0.0798802     0.231078
       9      1.00000     0.392472     0.607528     0.127606     0.264866
      10      1.00000     0.457391     0.542609     0.144081     0.313310
      11      1.00000     0.494507     0.505493     0.224143     0.270364
      12      1.00000     0.550876     0.449124     0.191828     0.359048
       1      1.00000     0.498505     0.501495     0.215374     0.283132
       3      1.00000     0.422746     0.577254     0.172574     0.250172
       4      1.00000     0.441767     0.558233     0.181475     0.260292
       5      1.00000     0.452824     0.547176     0.130072     0.322753
       6      1.00000     0.375733     0.624267     0.126499     0.249234
       7      1.00000     0.310953     0.689047     0.133412     0.177541
       8      1.00000     0.266601     0.733399    0.0986861     0.167915
       9      1.00000     0.354638     0.645362    0.0983167     0.256321
      10      1.00000     0.476931     0.523069     0.170107     0.306824
      11      1.00000     0.621463     0.378537     0.265527     0.355935
      12      1.00000     0.553380     0.446620     0.205306     0.348073
       1      1.00000     0.408933     0.591067     0.193300     0.215633
       2      1.00000     0.468184     0.531816     0.193941     0.274243
       3      1.00000     0.543403     0.456597     0.168588     0.374815
       4      1.00000     0.419573     0.580427     0.147825     0.271747
       5      1.00000     0.457335     0.542665     0.148188     0.309147
       6      1.00000     0.421470     0.578530     0.122845     0.298624
       7      1.00000     0.356167     0.643833     0.138124     0.218043
       8      1.00000     0.334168     0.665832     0.106229     0.227938
       9      1.00000     0.484858     0.515142     0.162314     0.322544
      10      1.00000     0.491915     0.508085     0.191637     0.300278
      11      1.00000     0.539788     0.460212     0.219340     0.320448
      12      1.00000     0.576843     0.423157     0.253644     0.323199
       1      1.00000     0.596815     0.403185     0.275803     0.321012
       2      1.00000     0.444433     0.555567     0.240640     0.203794
       3      1.00000     0.524245     0.475755     0.218840     0.305404
       4      1.00000     0.412228     0.587772     0.145579     0.266649
       5      1.00000     0.308825     0.691175    0.0950722     0.213752
       6      1.00000     0.368843     0.631157     0.111847     0.256996
       7      1.00000     0.294858     0.705142     0.103488     0.191370
       8      1.00000     0.369003     0.630997     0.104770     0.264233
       9      1.00000     0.389372     0.610628     0.122097     0.267275
      10      1.00000     0.336060     0.663940     0.108267     0.227793
      11      1.00000     0.436061     0.563939     0.205309     0.230752
      12      1.00000     0.604723     0.395277     0.303442     0.301281
       1      1.00000     0.536569     0.463431     0.289696     0.246873
       2      1.00000     0.529570     0.470430     0.163226     0.366344
       3      1.00000     0.454834     0.545166     0.159619     0.295215
       4      1.00000     0.340903     0.659097     0.123205     0.217697
       5      1.00000     0.469130     0.530870     0.171519     0.297612
       6      1.00000     0.354554     0.645446     0.110518     0.244036
       7      1.00000     0.383700     0.616300     0.114620     0.269079
       8      1.00000     0.388556     0.611444    0.0962768     0.292280
       9         -NaN         -NaN         -NaN         -NaN         -NaN
      10      1.00000     0.503983     0.496017     0.169092     0.334891
      11      1.00000     0.614485     0.385515     0.265411     0.349074
      12      1.00000     0.529260     0.470740     0.214623     0.314637
       1      1.00000     0.494725     0.505275     0.163518     0.331207
       2      1.00000     0.456979     0.543021     0.168419     0.288560
       3      1.00000     0.343933     0.656067     0.133542     0.210392
       4      1.00000     0.279281     0.720719    0.0899781     0.189303
       5      1.00000     0.383720     0.616280     0.131860     0.251860
       6      1.00000     0.329683     0.670317     0.126120     0.203564
