time,all aerosol,cld aerosol,cloud-free, incld-aero, isolate-aero
       1     0.164097     0.161873     0.167264     0.161313     0.162263
       2     0.142471     0.135400     0.150677     0.128824     0.140878
       3     0.210206     0.190207     0.222274     0.207643     0.177600
       4     0.185992     0.186766     0.185555     0.228376     0.172232
       5     0.162875     0.165214     0.161387     0.185486     0.152543
       6     0.166567     0.176614     0.159876     0.154433     0.189202
       7     0.168804     0.172888     0.166853     0.189305     0.161033
       8     0.164142     0.171313     0.159597     0.187180     0.162241
       9     0.155362     0.161057     0.151889     0.174358     0.152570
      10     0.142044     0.149609     0.136364     0.145700     0.152077
      11     0.127586     0.131793     0.123720     0.147453     0.119838
      12     0.130381     0.133432     0.126988     0.135871     0.131545
       1     0.136191     0.152031     0.116564     0.155365     0.149840
       2     0.132156     0.129939     0.134140     0.118121     0.135565
       3     0.171468     0.153425     0.191251     0.163054     0.143330
       4     0.155512     0.149868     0.161039     0.158336     0.144852
       5     0.147611     0.155711     0.141472     0.172771     0.146671
       6     0.158132     0.165107     0.154522     0.166998     0.164085
       7     0.139473     0.153981     0.131975     0.152715     0.154561
       8     0.193953     0.190664     0.195719     0.171662     0.199912
       9     0.145988     0.139590     0.150892     0.137090     0.140614
      10     0.142741     0.151162     0.135667     0.153553     0.150165
      11     0.135059     0.139578     0.130075     0.129674     0.145315
      12     0.119761     0.121032     0.118649     0.125894     0.117580
       1     0.124450     0.122886     0.125946     0.117956     0.127792
       2     0.107122     0.120119    0.0917288     0.123157     0.116969
       3     0.130650     0.116415     0.150393     0.123930     0.111760
       4     0.211109     0.200515     0.218761     0.184775     0.206442
       5     0.140215     0.142744     0.138512     0.145920     0.141387
       6     0.129606     0.140288     0.122836     0.147105     0.136944
       7     0.140577     0.147818     0.136957     0.158898     0.141671
       8     0.151941     0.177546     0.137615     0.185045     0.174865
       9     0.155409     0.176708     0.141782     0.174325     0.177466
      10     0.146653     0.154180     0.139592     0.139609     0.163928
      11     0.151871     0.162998     0.139535     0.150942     0.172279
      12     0.138428     0.141195     0.134501     0.144628     0.137769
       1     0.147485     0.145958     0.149582     0.149444     0.142568
       2     0.135419     0.133194     0.138727     0.127399     0.139269
       3     0.128125     0.136399     0.120640     0.142344     0.132929
       4     0.172511     0.162615     0.180535     0.170873     0.158896
       5     0.150015     0.146794     0.153295     0.141416     0.150565
       6     0.159584     0.173221     0.152506     0.171127     0.174178
       7     0.178512     0.168704     0.182856     0.170458     0.167774
       8     0.200056     0.204913     0.196838     0.245447     0.184812
       9     0.129102     0.142349     0.118857     0.146232     0.140574
      10     0.115595     0.131200     0.106696     0.136565     0.128885
      11     0.143748     0.158621     0.124331     0.162573     0.156008
      12     0.126156     0.130290     0.121138     0.119022     0.142617
       1     0.131496     0.139407     0.121814     0.139486     0.139338
       2     0.135861     0.131446     0.140102     0.135755     0.128353
       3     0.147818     0.141277     0.151169     0.148857     0.136682
       4     0.185263     0.167960     0.195694     0.165873     0.169139
       5     0.156780     0.159044     0.155214     0.168428     0.155231
       6     0.130620     0.139602     0.125401     0.159579     0.131133
       7     0.157494     0.162422     0.154424     0.185540     0.149065
       8     0.139889     0.153388     0.131899     0.155157     0.152525
       9     0.171835     0.199573     0.155830     0.194818     0.202587
      10     0.123735     0.142219     0.114282     0.125778     0.151845
      11     0.125644     0.127349     0.124523     0.118339     0.131801
      12     0.143257     0.153461     0.131256     0.146092     0.159390
       1     0.161994     0.158590     0.166495     0.154687     0.161145
       2     0.141153     0.151840     0.132569     0.147794     0.154671
       3     0.132934     0.129872     0.135167     0.135946     0.127392
       4     0.156227     0.150087     0.161108     0.140603     0.156432
       5     0.144648     0.164296     0.134159     0.174057     0.159611
       6     0.141559     0.157306     0.132537     0.162579     0.153925
       7     0.165109     0.160905     0.167029     0.180548     0.152207
       8     0.153499     0.154925     0.152710     0.156734     0.154075
       9     0.142729     0.144997     0.141042     0.146836     0.144043
      10     0.132952     0.137477     0.128743     0.135515     0.138571
      11     0.113937     0.125239     0.103316     0.126505     0.124223
      12     0.149053     0.157291     0.136899     0.131726     0.187308
       1     0.148253     0.148102     0.148493     0.132166     0.165980
       2     0.129419     0.112628     0.155383     0.111500     0.114017
       3     0.126948     0.140299     0.116356     0.145051     0.136401
       4     0.158751     0.187164     0.141492     0.178124     0.191830
       5     0.154626     0.160910     0.149965     0.153572     0.164039
       6     0.155100     0.154299     0.155616     0.162516     0.150160
       7     0.169802     0.163853     0.172946     0.167775     0.161838
       8     0.166570     0.177139     0.161703     0.176523     0.177433
       9     0.116128     0.130382     0.105464     0.131481     0.129667
      10     0.134063     0.146808     0.122000     0.152923     0.143187
      11     0.142405     0.142795     0.141988     0.140167     0.144891
      12     0.130928     0.143750     0.117552     0.157799     0.135963
       1     0.132863     0.141538     0.122845     0.121259     0.159880
       2     0.144885     0.131453     0.160406     0.150089     0.121725
       3     0.150372     0.145641     0.153975     0.147188     0.145003
       4     0.149828     0.146646     0.152667     0.146953     0.146501
       5     0.136180     0.139214     0.133908     0.142176     0.137476
       6     0.153117     0.152888     0.153286     0.154697     0.152049
       7     0.143919     0.156099     0.137791     0.155156     0.156532
       8     0.156536     0.147238     0.162350     0.146699     0.147475
       9     0.152726     0.168907     0.143600     0.158472     0.172381
      10     0.137657     0.153916     0.125438     0.185584     0.140250
      11     0.124960     0.129573     0.118486     0.117853     0.136720
      12     0.131345     0.144830     0.116341     0.142841     0.146897
       1     0.148337     0.149859     0.146547     0.157167     0.144829
       2     0.135578     0.132431     0.138176     0.119537     0.144088
       3     0.156090     0.150553     0.160495     0.143963     0.154530
       4     0.134592     0.140572     0.129646     0.146336     0.138075
       5     0.152889     0.154648     0.151546     0.150374     0.156995
       6     0.148375     0.175304     0.137207     0.187927     0.170226
       7     0.136386     0.131853     0.138410     0.145093     0.124992
       8     0.161978     0.164755     0.160724     0.174843     0.161268
       9     0.149695     0.151458     0.148556     0.166208     0.144351
      10     0.130471     0.143331     0.119632     0.136234     0.146594
      11     0.141305     0.150017     0.132782     0.144165     0.154868
      12     0.153710     0.166193     0.138399     0.179101     0.159296
       1     0.147949     0.153355     0.142575     0.155674     0.151591
       3     0.143932     0.153069     0.137240     0.173798     0.138770
       4     0.152906     0.154542     0.151611     0.158010     0.152125
       5     0.140349     0.133432     0.146074     0.143846     0.129235
       6     0.146825     0.145812     0.147435     0.148781     0.144305
       7     0.176271     0.173244     0.177637     0.168626     0.176713
       8     0.138937     0.156829     0.132433     0.156968     0.156748
       9     0.172765     0.174924     0.171579     0.180086     0.172945
      10     0.121286     0.141360     0.102982     0.143961     0.139918
      11     0.130516     0.145128     0.106526     0.135033     0.152659
      12     0.112992     0.116721     0.108372     0.141094     0.102345
       1     0.122973     0.142347     0.109568     0.159580     0.126900
       2     0.120880     0.143440     0.101020     0.156031     0.134536
       3     0.142220     0.145550     0.138256     0.150574     0.143290
       4     0.143920     0.148066     0.140923     0.161155     0.140945
       5     0.138700     0.156066     0.124063     0.149482     0.159223
       6     0.153348     0.167081     0.143343     0.164154     0.168284
       7     0.143233     0.158865     0.134585     0.168813     0.152563
       8     0.139855     0.145736     0.136904     0.151958     0.142836
       9     0.122172     0.133535     0.111478     0.138297     0.131139
      10     0.154785     0.170844     0.139238     0.157795     0.179172
      11     0.138099     0.142630     0.132784     0.145096     0.140941
      12     0.136859     0.147746     0.122016     0.144843     0.150025
       1     0.128974     0.129985     0.127476     0.123026     0.135965
       2     0.133528     0.125257     0.140145     0.135661     0.112972
       3     0.133184     0.135034     0.131146     0.145043     0.127861
       4     0.150749     0.163474     0.141824     0.203754     0.141483
       5     0.132981     0.138011     0.130733     0.127416     0.142723
       6     0.143203     0.163405     0.131397     0.158958     0.165341
       7     0.159552     0.166995     0.156439     0.162985     0.169163
       8     0.158018     0.156698     0.158791     0.169361     0.151677
       9     0.137700     0.134055     0.140024     0.151047     0.126293
      10     0.113613     0.120565     0.110094     0.143205     0.109804
      11     0.103432     0.116991    0.0929470     0.104660     0.127962
      12     0.145871     0.153571     0.134092     0.147396     0.159791
       1     0.143110     0.151788     0.133061     0.156303     0.146490
       2     0.111834     0.116874     0.106160     0.110542     0.119695
       3     0.144224     0.145639     0.143044     0.153288     0.141503
       4     0.184763     0.185812     0.184220     0.181780     0.188094
       5     0.137936     0.154054     0.123692     0.148773     0.157097
       6     0.152420     0.157622     0.149563     0.159925     0.156579
       7     0.136383     0.154251     0.125258     0.169643     0.147694
       8     0.123994     0.121476     0.125595     0.138120     0.115993
       9         -NaN         -NaN         -NaN         -NaN         -NaN
      10     0.127453     0.145492     0.109123     0.126423     0.155121
      11     0.118154     0.129403     0.100224     0.123947     0.133551
      12     0.131816     0.141754     0.120642     0.159020     0.129976
       1     0.135745     0.151021     0.120788     0.142975     0.154994
       2     0.141815     0.164570     0.122665     0.161070     0.166613
       3     0.133266     0.143348     0.127981     0.166332     0.128759
       4     0.128278     0.127424     0.128610     0.137520     0.122625
       5     0.109265     0.134122    0.0937886     0.141218     0.130407
       6     0.122156     0.138048     0.114340     0.155752     0.127079
