time,all aerosol,cld aerosol,cloud-free, incld-aero, isolate-aero
       1     0.137400     0.145121     0.131095     0.131381     0.153724
       2     0.133916     0.135668     0.132509     0.127639     0.140771
       3     0.150019     0.151974     0.148507     0.141348     0.158911
       4     0.135350     0.138186     0.132885     0.135666     0.139621
       5     0.140063     0.144902     0.135908     0.145240     0.144726
       6     0.144759     0.153652     0.137377     0.149548     0.155935
       7     0.150030     0.157808     0.143701     0.151942     0.161460
       8     0.150115     0.151258     0.149229     0.146271     0.154538
       9     0.147920     0.146528     0.149016     0.146527     0.146528
      10     0.129598     0.131344     0.128134     0.130882     0.131624
      11     0.127024     0.131792     0.123070     0.127224     0.134419
      12     0.123159     0.132187     0.116258     0.121808     0.139242
       1     0.129176     0.138588     0.121609     0.125178     0.147231
       2     0.142442     0.151171     0.136387     0.133481     0.163619
       3     0.136782     0.138760     0.135229     0.132287     0.142702
       4     0.147680     0.143147     0.151716     0.140574     0.144617
       5     0.137901     0.138041     0.137772     0.136039     0.139128
       6     0.154107     0.164763     0.145783     0.153084     0.172031
       7     0.152082     0.159930     0.146211     0.155400     0.162740
       8     0.150584     0.154645     0.147668     0.151783     0.156408
       9     0.153516     0.153536     0.153501     0.156388     0.152034
      10     0.138461     0.139233     0.137883     0.140069     0.138778
      11     0.124364     0.132017     0.118169     0.122944     0.137350
      12     0.124278     0.131837     0.118321     0.124217     0.136663
       1     0.127736     0.137098     0.120509     0.122217     0.147124
       2     0.135753     0.140057     0.132633     0.126053     0.150000
       3     0.127017     0.130496     0.124237     0.128277     0.131808
       4     0.135846     0.137110     0.134833     0.132337     0.139920
       5     0.141651     0.143679     0.139878     0.137569     0.147042
       6     0.141318     0.148248     0.135297     0.145323     0.149860
       7     0.153960     0.165610     0.145339     0.159922     0.169080
       8     0.149000     0.160615     0.140777     0.152242     0.165688
       9     0.150607     0.157492     0.145510     0.145605     0.164437
      10     0.134463     0.139282     0.130732     0.133319     0.142728
      11     0.126868     0.134432     0.120312     0.124958     0.139844
      12     0.122997     0.132657     0.114930     0.129949     0.134174
       1     0.126487     0.133115     0.121714     0.127555     0.136588
       2     0.129878     0.140154     0.121879     0.129813     0.146309
       3     0.149464     0.147567     0.150922     0.145350     0.148927
       4     0.143451     0.144383     0.142596     0.138278     0.147759
       5     0.143936     0.145101     0.142907     0.139910     0.148102
       6     0.153233     0.157924     0.149439     0.153327     0.160780
       7     0.150536     0.157975     0.144954     0.147827     0.165067
       8     0.155212     0.158792     0.152619     0.155021     0.161217
       9     0.141154     0.144361     0.138774     0.143746     0.144717
      10     0.135273     0.134946     0.135524     0.134605     0.135152
      11     0.119745     0.124645     0.115699     0.122202     0.126180
      12     0.122737     0.129728     0.117487     0.121429     0.134925
       1     0.124058     0.135003     0.115781     0.130482     0.137759
       2     0.128216     0.136448     0.122549     0.130065     0.140589
       3     0.133954     0.137841     0.131241     0.134628     0.139930
       4     0.138160     0.141524     0.135402     0.136832     0.144185
       5     0.141658     0.142938     0.140518     0.137274     0.146285
       6     0.147680     0.154992     0.141704     0.150501     0.157538
       7     0.148167     0.160797     0.138433     0.156427     0.163299
       8     0.146788     0.157219     0.139460     0.148720     0.162481
       9     0.148693     0.156058     0.143624     0.145744     0.162567
      10     0.131101     0.136904     0.126819     0.131567     0.140058
      11     0.123253     0.130556     0.117276     0.123117     0.134967
      12     0.131521     0.141801     0.123395     0.129338     0.149379
       1     0.129242     0.141126     0.119970     0.134300     0.145053
       2     0.134463     0.146438     0.125778     0.130031     0.156795
       3     0.151012     0.157243     0.146312     0.146598     0.163837
       4     0.134641     0.137505     0.132105     0.135578     0.138541
       5     0.146625     0.147737     0.145632     0.146507     0.148432
       6     0.155707     0.165921     0.148110     0.159975     0.169773
       7     0.163561     0.166265     0.161533     0.161027     0.169688
       8     0.153602     0.152934     0.154106     0.152895     0.152957
       9     0.145470     0.148751     0.143048     0.142126     0.152831
      10     0.128731     0.133611     0.124796     0.128644     0.136487
      11     0.118773     0.124092     0.114022     0.120505     0.126123
      12     0.122660     0.128116     0.118227     0.122737     0.131354
       1     0.132962     0.138989     0.128328     0.128181     0.145977
       2     0.131118     0.138433     0.126000     0.126211     0.146958
       3     0.132601     0.134927     0.130755     0.131683     0.136871
       4     0.129746     0.130299     0.129290     0.130228     0.130340
       5     0.138171     0.138760     0.137656     0.135801     0.140477
       6     0.154920     0.161358     0.149779     0.153222     0.166460
       7     0.144876     0.151151     0.140134     0.145510     0.154756
       8     0.150765     0.153952     0.148437     0.150258     0.156302
       9     0.143152     0.144442     0.142210     0.139032     0.147736
      10     0.131388     0.130610     0.131998     0.129413     0.131367
      11     0.117770     0.121619     0.114672     0.118733     0.123556
      12     0.126508     0.132143     0.122223     0.125010     0.136892
       1     0.130323     0.137315     0.125541     0.136356     0.137959
       2     0.132092     0.137938     0.127406     0.134830     0.139875
       3     0.133646     0.135302     0.132312     0.129450     0.138967
       4     0.132165     0.134248     0.130417     0.131739     0.135704
       5     0.132728     0.133732     0.131835     0.135498     0.132741
       6     0.154685     0.153877     0.155322     0.147608     0.157818
       7     0.155361     0.156380     0.154578     0.154029     0.157879
       8     0.148303     0.152916     0.144966     0.152657     0.153077
       9     0.142553     0.141650     0.143266     0.136931     0.144532
      10     0.129067     0.130975     0.127549     0.125353     0.134429
      11     0.119476     0.126570     0.113695     0.121955     0.129403
      12     0.123635     0.132982     0.116271     0.122158     0.139994
       1     0.133390     0.140067     0.128551     0.131023     0.146245
       2     0.129540     0.135239     0.125165     0.126233     0.141228
       3     0.138335     0.143928     0.133979     0.136805     0.148485
       4     0.145553     0.145356     0.145717     0.144392     0.145899
       5     0.145807     0.140745     0.150631     0.135576     0.143529
       6     0.148594     0.149622     0.147716     0.149853     0.149489
       7     0.147648     0.155332     0.141632     0.150887     0.158046
       8     0.148848     0.152054     0.146431     0.147534     0.154881
       9     0.146394     0.148920     0.144544     0.142591     0.152789
      10     0.145137     0.151291     0.140686     0.141030     0.157627
      11     0.126285     0.133466     0.120395     0.125453     0.138501
      12     0.136047     0.141986     0.131485     0.136725     0.145261
       1     0.132277     0.138637     0.127276     0.135427     0.140527
       3     0.137324     0.140746     0.134466     0.137890     0.142562
       4     0.134587     0.139296     0.130690     0.135487     0.141462
       5     0.138489     0.140452     0.136739     0.137477     0.142119
       6     0.148473     0.152379     0.145495     0.149227     0.154303
       7     0.154771     0.160102     0.150853     0.154217     0.163861
       8     0.146770     0.153612     0.141861     0.149245     0.156362
       9     0.141958     0.142054     0.141889     0.139914     0.143350
      10     0.133324     0.136979     0.130566     0.132997     0.139359
      11     0.126326     0.130068     0.123158     0.126530     0.132167
      12     0.125838     0.132689     0.120576     0.124401     0.138163
       1     0.124390     0.133025     0.118105     0.126059     0.137709
       2     0.133564     0.138342     0.130115     0.132724     0.142224
       3     0.138504     0.139499     0.137729     0.131113     0.145126
       4     0.144105     0.139914     0.147363     0.139346     0.140247
       5     0.141963     0.143840     0.140438     0.139801     0.146293
       6     0.141888     0.148752     0.136246     0.147342     0.149610
       7     0.150652     0.151983     0.149649     0.154994     0.150073
       8     0.149606     0.149039     0.150052     0.148945     0.149096
       9     0.145489     0.146961     0.144345     0.141788     0.150061
      10     0.136950     0.138491     0.135787     0.132104     0.142297
      11     0.125074     0.128878     0.122021     0.125195     0.131153
      12     0.133815     0.141628     0.127640     0.130417     0.148373
       1     0.139352     0.139152     0.139502     0.134731     0.142172
       2     0.135002     0.139451     0.131230     0.132627     0.143869
       3     0.143582     0.141579     0.145175     0.134615     0.146157
       4     0.141838     0.142361     0.141387     0.140924     0.143134
       5     0.138785     0.144059     0.134058     0.141204     0.145627
       6     0.152045     0.158942     0.146793     0.157577     0.159781
       7     0.168062     0.171885     0.165139     0.168145     0.174247
       8     0.153679     0.156561     0.151475     0.157426     0.156043
       9     0.138741     0.139535     0.138134     0.138989     0.139854
      10     0.130202     0.135476     0.126054     0.133611     0.136585
      11     0.119013     0.126056     0.113039     0.122705     0.128030
      12     0.126775     0.136222     0.119492     0.129198     0.140545
       1     0.127310     0.138433     0.118635     0.126382     0.146211
       2     0.137574     0.142039     0.134132     0.129974     0.150152
       3     0.143981     0.143683     0.144207     0.133713     0.150347
       4     0.136550     0.139695     0.133887     0.134456     0.142765
       5     0.134143     0.138229     0.130777     0.134937     0.140164
       6     0.145472     0.150199     0.141742     0.143765     0.154043
       7     0.152355     0.158886     0.147150     0.154008     0.161747
       8     0.150636     0.152276     0.149309     0.151984     0.152441
       9     0.144182     0.167294     0.127279     0.161158     0.169921
      10     0.125139     0.136022     0.116863     0.133589     0.137400
      11     0.125239     0.133409     0.118036     0.131209     0.134586
      12     0.125417     0.134376     0.118186     0.129151     0.137218
       1     0.138123     0.144810     0.132068     0.139216     0.148041
       2     0.146811     0.151939     0.142582     0.139362     0.159454
       3     0.143031     0.148854     0.138594     0.141111     0.153724
       4     0.131950     0.140686     0.125028     0.137720     0.142259
       5     0.140223     0.149246     0.132953     0.142309     0.153055
       6     0.153154     0.163647     0.145360     0.155841     0.168350
