time,all aerosol,cld aerosol,cloud-free, incld-aero, isolate-aero
       1      1.00000     0.449563     0.550437     0.173113     0.276451
       2      1.00000     0.445211     0.554789     0.172988     0.272223
       3      1.00000     0.436320     0.563680     0.172338     0.263982
       4      1.00000     0.465011     0.534989     0.168816     0.296195
       5      1.00000     0.462044     0.537956     0.158362     0.303682
       6      1.00000     0.453598     0.546402     0.162153     0.291445
       7      1.00000     0.448659     0.551341     0.172131     0.276528
       8      1.00000     0.436574     0.563426     0.173192     0.263382
       9      1.00000     0.440320     0.559680     0.169657     0.270662
      10      1.00000     0.456150     0.543850     0.172160     0.283991
      11      1.00000     0.453308     0.546692     0.165493     0.287815
      12      1.00000     0.433233     0.566767     0.175304     0.257929
       1      1.00000     0.445652     0.554348     0.174655     0.270997
       2      1.00000     0.409559     0.590441     0.169163     0.240396
       3      1.00000     0.439759     0.560241     0.166449     0.273311
       4      1.00000     0.470952     0.529048     0.171300     0.299653
       5      1.00000     0.480228     0.519772     0.168906     0.311322
       6      1.00000     0.438519     0.561481     0.168199     0.270320
       7      1.00000     0.427973     0.572027     0.163867     0.264107
       8      1.00000     0.417895     0.582105     0.159269     0.258626
       9      1.00000     0.436499     0.563501     0.150539     0.285960
      10      1.00000     0.428134     0.571866     0.150810     0.277324
      11      1.00000     0.447389     0.552611     0.165627     0.281762
      12      1.00000     0.440742     0.559258     0.170877     0.269865
       1      1.00000     0.435630     0.564370     0.175348     0.260282
       2      1.00000     0.420213     0.579787     0.174480     0.245733
       3      1.00000     0.444201     0.555799     0.164992     0.279210
       4      1.00000     0.444642     0.555358     0.164770     0.279872
       5      1.00000     0.466381     0.533619     0.165554     0.300827
       6      1.00000     0.464888     0.535112     0.165132     0.299757
       7      1.00000     0.425263     0.574737     0.161142     0.264120
       8      1.00000     0.414501     0.585499     0.156383     0.258118
       9      1.00000     0.425398     0.574602     0.156884     0.268513
      10      1.00000     0.436288     0.563712     0.159753     0.276535
      11      1.00000     0.464265     0.535735     0.168783     0.295482
      12      1.00000     0.455069     0.544931     0.163414     0.291655
       1      1.00000     0.418664     0.581336     0.160981     0.257683
       2      1.00000     0.437694     0.562306     0.163323     0.274371
       3      1.00000     0.434503     0.565497     0.165214     0.269289
       4      1.00000     0.478542     0.521458     0.170387     0.308155
       5      1.00000     0.468855     0.531145     0.171748     0.297107
       6      1.00000     0.447149     0.552851     0.171329     0.275821
       7      1.00000     0.428662     0.571338     0.176327     0.252335
       8      1.00000     0.420110     0.579890     0.164443     0.255667
       9      1.00000     0.426128     0.573872     0.156504     0.269624
      10      1.00000     0.434833     0.565167     0.163955     0.270878
      11      1.00000     0.452272     0.547728     0.174437     0.277835
      12      1.00000     0.428888     0.571112     0.165159     0.263729
       1      1.00000     0.430633     0.569367     0.163080     0.267553
       2      1.00000     0.407716     0.592284     0.160427     0.247289
       3      1.00000     0.411091     0.588909     0.161939     0.249152
       4      1.00000     0.450476     0.549524     0.163038     0.287438
       5      1.00000     0.470861     0.529139     0.174889     0.295972
       6      1.00000     0.449719     0.550281     0.162690     0.287029
       7      1.00000     0.435243     0.564757     0.158453     0.276790
       8      1.00000     0.412648     0.587352     0.157786     0.254862
       9      1.00000     0.407706     0.592294     0.157740     0.249966
      10      1.00000     0.424550     0.575450     0.157686     0.266864
      11      1.00000     0.450126     0.549874     0.167573     0.282553
      12      1.00000     0.441467     0.558533     0.166935     0.274532
       1      1.00000     0.438253     0.561747     0.160041     0.278212
       2      1.00000     0.420380     0.579620     0.162668     0.257713
       3      1.00000     0.429986     0.570014     0.164481     0.265505
       4      1.00000     0.469681     0.530319     0.164235     0.305445
       5      1.00000     0.471947     0.528053     0.170505     0.301442
       6      1.00000     0.426543     0.573457     0.167689     0.258853
       7      1.00000     0.428578     0.571422     0.169402     0.259176
       8      1.00000     0.429483     0.570517     0.160717     0.268765
       9      1.00000     0.424654     0.575346     0.161856     0.262798
      10      1.00000     0.446321     0.553679     0.163645     0.282676
      11      1.00000     0.471788     0.528212     0.170579     0.301209
      12      1.00000     0.448221     0.551779     0.168427     0.279795
       1      1.00000     0.434722     0.565278     0.170698     0.264024
       2      1.00000     0.411620     0.588380     0.169143     0.242478
       3      1.00000     0.442534     0.557466     0.165822     0.276712
       4      1.00000     0.452230     0.547770     0.164254     0.287975
       5      1.00000     0.467119     0.532881     0.171536     0.295583
       6      1.00000     0.443998     0.556002     0.171114     0.272885
       7      1.00000     0.430392     0.569608     0.167786     0.262606
       8      1.00000     0.422090     0.577910     0.164140     0.257949
       9      1.00000     0.422276     0.577724     0.159844     0.262432
      10      1.00000     0.439263     0.560737     0.170284     0.268979
      11      1.00000     0.446017     0.553983     0.179211     0.266805
      12      1.00000     0.431988     0.568012     0.172659     0.259329
       1      1.00000     0.406144     0.593856     0.163156     0.242988
       2      1.00000     0.444946     0.555054     0.170834     0.274112
       3      1.00000     0.445893     0.554107     0.171694     0.274198
       4      1.00000     0.456341     0.543659     0.167565     0.288777
       5      1.00000     0.470665     0.529335     0.169117     0.301547
       6      1.00000     0.441224     0.558776     0.170294     0.270930
       7      1.00000     0.434386     0.565614     0.169088     0.265298
       8      1.00000     0.419759     0.580241     0.160322     0.259437
       9      1.00000     0.441289     0.558711     0.167329     0.273960
      10      1.00000     0.443182     0.556818     0.168655     0.274528
      11      1.00000     0.449065     0.550935     0.170839     0.278226
      12      1.00000     0.440665     0.559335     0.173230     0.267435
       1      1.00000     0.420155     0.579845     0.170528     0.249627
       2      1.00000     0.434288     0.565712     0.173455     0.260833
       3      1.00000     0.437811     0.562189     0.170815     0.266996
       4      1.00000     0.456087     0.543913     0.164325     0.291761
       5      1.00000     0.487988     0.512012     0.170813     0.317174
       6      1.00000     0.460741     0.539259     0.168497     0.292244
       7      1.00000     0.439165     0.560835     0.166500     0.272664
       8      1.00000     0.429847     0.570153     0.165415     0.264432
       9      1.00000     0.422828     0.577172     0.160438     0.262390
      10      1.00000     0.419727     0.580273     0.160236     0.259490
      11      1.00000     0.450587     0.549413     0.173867     0.276720
      12      1.00000     0.434410     0.565590     0.166670     0.267741
       1      1.00000     0.440190     0.559810     0.163107     0.277083
       3      1.00000     0.455210     0.544790     0.176960     0.278250
       4      1.00000     0.452839     0.547161     0.164109     0.288730
       5      1.00000     0.471414     0.528586     0.169321     0.302093
       6      1.00000     0.432531     0.567469     0.163916     0.268615
       7      1.00000     0.423609     0.576391     0.165101     0.258508
       8      1.00000     0.417734     0.582266     0.161418     0.256316
       9      1.00000     0.417205     0.582795     0.157320     0.259884
      10      1.00000     0.430075     0.569925     0.160853     0.269222
      11      1.00000     0.458336     0.541664     0.170667     0.287669
      12      1.00000     0.434440     0.565560     0.172810     0.261631
       1      1.00000     0.421256     0.578744     0.169372     0.251884
       2      1.00000     0.419231     0.580769     0.171306     0.247925
       3      1.00000     0.437615     0.562385     0.175721     0.261893
       4      1.00000     0.437359     0.562641     0.161832     0.275527
       5      1.00000     0.448240     0.551760     0.169386     0.278854
       6      1.00000     0.451162     0.548838     0.170683     0.280478
       7      1.00000     0.429768     0.570232     0.166754     0.263014
       8      1.00000     0.440502     0.559498     0.166390     0.274112
       9      1.00000     0.437337     0.562663     0.163866     0.273471
      10      1.00000     0.430307     0.569693     0.160682     0.269625
      11      1.00000     0.445189     0.554811     0.169951     0.275238
      12      1.00000     0.441471     0.558529     0.165822     0.275649
       1      1.00000     0.428317     0.571683     0.173807     0.254510
       2      1.00000     0.458772     0.541228     0.180317     0.278455
       3      1.00000     0.443151     0.556849     0.175764     0.267386
       4      1.00000     0.463544     0.536456     0.162168     0.301377
       5      1.00000     0.472691     0.527309     0.167513     0.305179
       6      1.00000     0.432273     0.567727     0.164573     0.267700
       7      1.00000     0.433392     0.566608     0.167765     0.265627
       8      1.00000     0.433317     0.566683     0.162363     0.270954
       9      1.00000     0.433381     0.566619     0.160036     0.273345
      10      1.00000     0.440246     0.559754     0.164214     0.276032
      11      1.00000     0.459001     0.540999     0.170184     0.288817
      12      1.00000     0.435333     0.564667     0.165861     0.269472
       1      1.00000     0.438183     0.561817     0.171876     0.266307
       2      1.00000     0.435221     0.564779     0.174990     0.260231
       3      1.00000     0.431280     0.568720     0.172786     0.258494
       4      1.00000     0.458601     0.541399     0.169465     0.289136
       5      1.00000     0.451679     0.548321     0.167209     0.284471
       6      1.00000     0.441070     0.558930     0.164973     0.276097
       7      1.00000     0.443476     0.556524     0.163928     0.279547
       8      1.00000     0.447251     0.552749     0.161970     0.285280
       9      1.00000     0.422419     0.577581     0.126662     0.295757
      10      1.00000     0.431956     0.568044     0.156186     0.275770
      11      1.00000     0.468519     0.531481     0.163241     0.305278
      12      1.00000     0.446606     0.553394     0.157349     0.289257
       1      1.00000     0.475204     0.524796     0.173983     0.301220
       2      1.00000     0.452029     0.547971     0.169071     0.282958
       3      1.00000     0.432504     0.567496     0.167001     0.265503
       4      1.00000     0.442086     0.557913     0.153213     0.288873
       5      1.00000     0.446228     0.553772     0.158147     0.288081
       6      1.00000     0.426178     0.573822     0.160246     0.265931
