time,all aerosol,cld aerosol,cloud-free, incld-aero, isolate-aero
       1      1.00000     0.325830     0.674170    0.0326707     0.293159
       2      1.00000     0.222043     0.777957    0.0536170     0.168426
       3      1.00000     0.212434     0.787566    0.0614424     0.150991
       4      1.00000     0.257764     0.742236    0.0883148     0.169449
       5      1.00000     0.550172     0.449828     0.123421     0.426752
       6      1.00000     0.801871     0.198129     0.176848     0.625023
       7      1.00000     0.896008     0.103992     0.254066     0.641942
       8      1.00000     0.816866     0.183134     0.186071     0.630795
       9      1.00000     0.721197     0.278803     0.155586     0.565611
      10      1.00000     0.460584     0.539416    0.0768932     0.383690
      11      1.00000     0.194955     0.805045    0.0501401     0.144815
      12      1.00000     0.257920     0.742080    0.0452009     0.212719
       1      1.00000     0.276925     0.723075    0.0563581     0.220567
       2      1.00000     0.244511     0.755489    0.0447566     0.199754
       3      1.00000     0.301648     0.698352     0.106210     0.195437
       4      1.00000     0.307212     0.692788    0.0804478     0.226764
       5      1.00000     0.599082     0.400918     0.178029     0.421053
       6      1.00000     0.834992     0.165008     0.264205     0.570787
       7      1.00000     0.912316    0.0876842     0.268299     0.644017
       8      1.00000     0.829583     0.170417     0.192015     0.637568
       9      1.00000     0.716770     0.283230     0.133264     0.583506
      10      1.00000     0.357306     0.642694    0.0616678     0.295638
      11      1.00000     0.280441     0.719559    0.0621977     0.218244
      12      1.00000     0.212730     0.787270    0.0548911     0.157839
       1      1.00000     0.241288     0.758712    0.0502509     0.191037
       2      1.00000     0.149148     0.850852    0.0303353     0.118813
       3      1.00000     0.196668     0.803332    0.0934632     0.103205
       4      1.00000     0.308470     0.691530    0.0641141     0.244356
       5      1.00000     0.485171     0.514829     0.161797     0.323374
       6      1.00000     0.705873     0.294127     0.197041     0.508833
       7      1.00000     0.807141     0.192859     0.274229     0.532912
       8      1.00000     0.876210     0.123790     0.249098     0.627112
       9      1.00000     0.565069     0.434931     0.107139     0.457930
      10      1.00000     0.297694     0.702306    0.0681929     0.229502
      11      1.00000     0.370893     0.629107    0.0546926     0.316201
      12      1.00000     0.323142     0.676858    0.0562452     0.266897
       1      1.00000     0.188906     0.811094    0.0588626     0.130044
       2      1.00000     0.256330     0.743670    0.0394655     0.216865
       3      1.00000     0.271310     0.728691    0.0551201     0.216189
       4      1.00000     0.364434     0.635566    0.0717703     0.292663
       5      1.00000     0.509896     0.490104     0.117931     0.391965
       6      1.00000     0.705700     0.294300     0.242943     0.462757
       7      1.00000     0.894499     0.105501     0.220303     0.674196
       8      1.00000     0.823274     0.176726     0.167173     0.656101
       9      1.00000     0.679577     0.320423     0.139404     0.540173
      10      1.00000     0.457274     0.542726     0.105645     0.351629
      11      1.00000     0.404839     0.595161    0.0949162     0.309923
      12      1.00000     0.246582     0.753418    0.0452067     0.201375
       1      1.00000     0.191615     0.808384    0.0427694     0.148846
       2      1.00000     0.222575     0.777425    0.0364001     0.186175
       3      1.00000     0.192503     0.807497    0.0675905     0.124913
       4      1.00000     0.330537     0.669463     0.105433     0.225105
       5      1.00000     0.552666     0.447334     0.162095     0.390571
       6      1.00000     0.819646     0.180354     0.226731     0.592915
       7      1.00000     0.843207     0.156793     0.233146     0.610061
       8      1.00000     0.798715     0.201285     0.200701     0.598013
       9      1.00000     0.700527     0.299473     0.164111     0.536416
      10      1.00000     0.358324     0.641676    0.0745292     0.283795
      11      1.00000     0.266427     0.733573    0.0518779     0.214549
      12      1.00000     0.293553     0.706447    0.0495895     0.243964
       1      1.00000     0.265310     0.734690    0.0521648     0.213146
       2      1.00000     0.247467     0.752533    0.0332814     0.214186
       3      1.00000     0.233148     0.766852    0.0488268     0.184321
       4      1.00000     0.377165     0.622835    0.0902064     0.286958
       5      1.00000     0.524117     0.475883     0.154586     0.369531
       6      1.00000     0.766659     0.233341     0.255704     0.510956
       7      1.00000     0.805385     0.194615     0.188821     0.616564
       8      1.00000     0.811183     0.188817     0.229741     0.581442
       9      1.00000     0.603037     0.396963     0.154964     0.448073
      10      1.00000     0.352652     0.647348    0.0544592     0.298193
      11      1.00000     0.334517     0.665483    0.0500465     0.284470
      12      1.00000     0.369904     0.630096    0.0441397     0.325764
       1      1.00000     0.170685     0.829315    0.0483104     0.122375
       2      1.00000     0.212884     0.787116    0.0585387     0.154345
       3      1.00000     0.242858     0.757142    0.0579166     0.184942
       4      1.00000     0.344339     0.655661    0.0810210     0.263318
       5      1.00000     0.529136     0.470864     0.120619     0.408517
       6      1.00000     0.808340     0.191660     0.265170     0.543170
       7      1.00000     0.862442     0.137558     0.251460     0.610981
       8      1.00000     0.816428     0.183572     0.216428     0.600000
       9      1.00000     0.603460     0.396540     0.123936     0.479524
      10      1.00000     0.448378     0.551622     0.109165     0.339213
      11      1.00000     0.327952     0.672048    0.0666047     0.261347
      12      1.00000     0.212614     0.787386    0.0565081     0.156106
       1      1.00000     0.255490     0.744510    0.0801653     0.175325
       2      1.00000     0.242470     0.757530    0.0609361     0.181534
       3      1.00000     0.251704     0.748296    0.0713608     0.180343
       4      1.00000     0.287774     0.712226    0.0838090     0.203965
       5      1.00000     0.472143     0.527857     0.151756     0.320386
       6      1.00000     0.638591     0.361409     0.231439     0.407152
       7      1.00000     0.821842     0.178158     0.266482     0.555360
       8      1.00000     0.866919     0.133081     0.199721     0.667199
       9      1.00000     0.498559     0.501441     0.118190     0.380369
      10      1.00000     0.340956     0.659044    0.0883692     0.252587
      11      1.00000     0.433609     0.566391    0.0651257     0.368483
      12      1.00000     0.345533     0.654467    0.0529194     0.292613
       1      1.00000     0.231312     0.768688    0.0796113     0.151700
       2      1.00000     0.218310     0.781690    0.0563463     0.161964
       3      1.00000     0.175686     0.824314    0.0698859     0.105800
       4      1.00000     0.317672     0.682328     0.105301     0.212370
       5      1.00000     0.437691     0.562309     0.139984     0.297706
       6      1.00000     0.688208     0.311792     0.206297     0.481911
       7      1.00000     0.831288     0.168712     0.274715     0.556572
       8      1.00000     0.790657     0.209343     0.213329     0.577328
       9      1.00000     0.598032     0.401968     0.107872     0.490159
      10      1.00000     0.358340     0.641660    0.0822570     0.276083
      11      1.00000     0.465014     0.534986    0.0825284     0.382486
      12      1.00000     0.271966     0.728034    0.0665574     0.205408
       1      1.00000     0.340137     0.659863    0.0718931     0.268244
       3      1.00000     0.263822     0.736178    0.0686599     0.195162
       4      1.00000     0.314694     0.685306    0.0885155     0.226179
       5      1.00000     0.537842     0.462158     0.140388     0.397454
       6      1.00000     0.762141     0.237859     0.234226     0.527916
       7      1.00000     0.904342    0.0956576     0.246381     0.657961
       8      1.00000     0.798858     0.201142     0.207802     0.591056
       9      1.00000     0.679779     0.320221     0.173077     0.506702
      10      1.00000     0.385699     0.614301    0.0778755     0.307823
      11      1.00000     0.229545     0.770455    0.0654775     0.164068
      12      1.00000     0.233990     0.766010    0.0516819     0.182309
       1      1.00000     0.191406     0.808594    0.0558534     0.135553
       2      1.00000     0.172947     0.827053    0.0455620     0.127385
       3      1.00000     0.218396     0.781604    0.0797144     0.138681
       4      1.00000     0.255807     0.744193     0.103009     0.152798
       5      1.00000     0.455994     0.544006     0.142098     0.313896
       6      1.00000     0.768915     0.231085     0.246126     0.522789
       7      1.00000     0.834993     0.165007     0.318634     0.516358
       8      1.00000     0.852203     0.147797     0.226178     0.626025
       9      1.00000     0.675011     0.324989     0.129003     0.546008
      10      1.00000     0.391364     0.608636    0.0869931     0.304371
      11      1.00000     0.305479     0.694521    0.0782144     0.227264
      12      1.00000     0.218941     0.781059    0.0438484     0.175092
       1      1.00000     0.209589     0.790411    0.0655294     0.144060
       2      1.00000     0.249225     0.750775    0.0530965     0.196128
       3      1.00000     0.251877     0.748123    0.0861005     0.165777
       4      1.00000     0.337511     0.662489    0.0979110     0.239600
       5      1.00000     0.536107     0.463893     0.155698     0.380409
       6      1.00000     0.732680     0.267320     0.264585     0.468095
       7      1.00000     0.892972     0.107028     0.312888     0.580084
       8      1.00000     0.857336     0.142665     0.288296     0.569040
       9      1.00000     0.504499     0.495501    0.0988002     0.405699
      10      1.00000     0.293143     0.706857    0.0738882     0.219255
      11      1.00000     0.289412     0.710588    0.0650160     0.224396
      12      1.00000     0.247712     0.752288    0.0651144     0.182598
       1      1.00000     0.154267     0.845733    0.0499772     0.104290
       2      1.00000     0.197923     0.802077    0.0562351     0.141688
       3      1.00000     0.202366     0.797634    0.0715684     0.130797
       4      1.00000     0.253725     0.746275    0.0910875     0.162637
       5      1.00000     0.404545     0.595455     0.103270     0.301275
       6      1.00000     0.686135     0.313865     0.186631     0.499504
       7      1.00000     0.858090     0.141910     0.269881     0.588208
       8      1.00000     0.771327     0.228673     0.222816     0.548510
       9      1.00000     0.753488     0.246512     0.162791     0.590698
      10      1.00000     0.521939     0.478061    0.0868865     0.435052
      11      1.00000     0.263434     0.736566    0.0787439     0.184690
      12      1.00000     0.360877     0.639123    0.0854140     0.275463
       1      1.00000     0.246476     0.753524    0.0904677     0.156008
       2      1.00000     0.295870     0.704130    0.0801688     0.215701
       3      1.00000     0.270824     0.729176    0.0666005     0.204223
       4      1.00000     0.316711     0.683289    0.0763412     0.240370
       5      1.00000     0.491965     0.508035     0.112374     0.379591
       6      1.00000     0.730134     0.269866     0.190787     0.539347
