time,all aerosol,cld aerosol,cloud-free, incld-aero, isolate-aero
       1     0.310470     0.282285     0.324093     0.403473     0.268779
       2     0.323590     0.330753     0.321545     0.389831     0.311946
       3     0.386868     0.376816     0.389579     0.539136     0.310763
       4     0.421263     0.379146     0.435890     0.430673     0.352290
       5     0.487333     0.434576     0.551859     0.471774     0.423818
       6     0.360117     0.323900     0.506695     0.375529     0.309292
       7     0.410406     0.396661     0.528836     0.344214     0.417418
       8     0.338149     0.313918     0.446228     0.260447     0.329691
       9     0.331709     0.277436     0.472100     0.276840     0.277600
      10     0.381249     0.305158     0.446220     0.370942     0.291974
      11     0.344311     0.300567     0.354904     0.415682     0.260710
      12     0.318715     0.288390     0.329255     0.388240     0.267173
       1     0.297402     0.293109     0.299047     0.352838     0.277848
       2     0.335334     0.243782     0.364964     0.460095     0.195316
       3     0.348554     0.274240     0.380654     0.382842     0.215220
       4     0.493885     0.457338     0.510091     0.587007     0.411337
       5     0.613099     0.527300     0.741305     0.568819     0.509745
       6     0.507430     0.481702     0.637623     0.391935     0.523253
       7     0.435735     0.440836     0.382665     0.318522     0.491792
       8     0.402057     0.382335     0.498061     0.309233     0.404351
       9     0.368706     0.340821     0.439273     0.337305     0.341624
      10     0.373025     0.311375     0.407299     0.463645     0.279613
      11     0.365706     0.313554     0.386032     0.429058     0.280637
      12     0.318775     0.268660     0.332317     0.329185     0.247611
       1     0.325324     0.262660     0.345253     0.346504     0.240605
       2     0.331972     0.180253     0.358567     0.314273     0.146035
       3     0.414238     0.366713     0.425873     0.458070     0.283980
       4     0.502138     0.439038     0.530284     0.579180     0.402268
       5     0.604341     0.519290     0.684493     0.568190     0.494824
       6     0.558633     0.528770     0.630302     0.565743     0.514452
       7     0.436232     0.405352     0.565466     0.326852     0.445748
       8     0.445225     0.421343     0.614274     0.370176     0.441667
       9     0.404486     0.404582     0.404361     0.347647     0.417903
      10     0.397112     0.336516     0.422797     0.367299     0.327370
      11     0.311194     0.255784     0.343862     0.325972     0.243644
      12     0.395315     0.324691     0.429032     0.408804     0.306966
       1     0.321415     0.279577     0.331159     0.256654     0.289953
       2     0.336817     0.334642     0.337567     0.445765     0.314420
       3     0.449434     0.363536     0.481415     0.502137     0.328198
       4     0.468531     0.385833     0.515950     0.616593     0.329244
       5     0.554921     0.508282     0.603444     0.591104     0.483363
       6     0.560155     0.497757     0.709781     0.535777     0.477796
       7     0.316547     0.304470     0.418938     0.311411     0.302202
       8     0.321719     0.299428     0.425565     0.297045     0.300035
       9     0.345714     0.317798     0.404921     0.343300     0.311217
      10     0.418511     0.321131     0.500559     0.427722     0.289107
      11     0.346259     0.273149     0.395991     0.378855     0.240775
      12     0.370919     0.283072     0.399670     0.314291     0.276064
       1     0.281027     0.257209     0.286673     0.349051     0.230818
       2     0.320901     0.237296     0.344837     0.375997     0.210178
       3     0.388595     0.399431     0.386012     0.576106     0.303832
       4     0.442255     0.345800     0.489878     0.444050     0.299782
       5     0.626612     0.560232     0.708624     0.543293     0.567261
       6     0.510724     0.495952     0.577856     0.455929     0.511257
       7     0.399806     0.401240     0.392097     0.404272     0.400081
       8     0.345816     0.366082     0.265398     0.268489     0.398835
       9     0.395498     0.382184     0.426641     0.377047     0.383756
      10     0.423571     0.363179     0.457295     0.433033     0.344834
      11     0.380608     0.328274     0.399615     0.465337     0.295132
      12     0.358136     0.316273     0.375531     0.425957     0.293978
       1     0.311624     0.237420     0.338421     0.457503     0.183557
       2     0.332127     0.279959     0.349282     0.415682     0.258870
       3     0.519343     0.475150     0.532779     0.735247     0.406250
       4     0.428038     0.322075     0.492205     0.408218     0.294996
       5     0.630873     0.587026     0.679164     0.627908     0.569923
       6     0.623518     0.571499     0.794433     0.559666     0.577420
       7     0.460049     0.460494     0.458207     0.350807     0.494085
       8     0.370016     0.372075     0.361171     0.291187     0.404036
       9     0.404893     0.371123     0.456195     0.317839     0.389551
      10     0.339896     0.280864     0.372054     0.348859     0.268445
      11     0.418027     0.339863     0.457317     0.515791     0.308913
      12     0.307403     0.259075     0.335774     0.359908     0.245413
       1     0.382930     0.376154     0.384324     0.508477     0.323916
       2     0.320270     0.282670     0.330439     0.356173     0.254793
       3     0.355353     0.349580     0.357204     0.484188     0.307426
       4     0.416805     0.326481     0.464241     0.442366     0.290824
       5     0.548416     0.478593     0.626880     0.543465     0.459439
       6     0.491669     0.426144     0.768026     0.390287     0.443649
       7     0.364201     0.361619     0.380392     0.301543     0.386344
       8     0.378921     0.358732     0.468708     0.328708     0.369562
       9     0.376957     0.318162     0.466433     0.319452     0.317829
      10     0.364248     0.291107     0.423698     0.328866     0.278956
      11     0.395834     0.306349     0.439502     0.556718     0.242542
      12     0.372873     0.323366     0.386241     0.550360     0.241197
       1     0.393516     0.383400     0.396988     0.467711     0.344850
       2     0.374119     0.301381     0.397401     0.407644     0.265711
       3     0.353494     0.326275     0.362650     0.430393     0.285077
       4     0.465026     0.405382     0.489125     0.438469     0.391786
       5     0.524285     0.446880     0.593519     0.495048     0.424065
       6     0.574730     0.555977     0.607865     0.554939     0.556566
       7     0.471665     0.450118     0.571062     0.362516     0.492152
       8     0.375229     0.374902     0.377360     0.363557     0.378298
       9     0.398329     0.374817     0.421706     0.402944     0.366077
      10     0.424436     0.333830     0.471312     0.410555     0.306988
      11     0.393301     0.337969     0.435661     0.455703     0.317161
      12     0.329800     0.305172     0.342803     0.323054     0.301938
       1     0.326293     0.332770     0.324344     0.328741     0.334885
       2     0.345617     0.289848     0.361193     0.370489     0.261793
       3     0.349260     0.339735     0.351290     0.410827     0.292775
       4     0.463407     0.372644     0.505663     0.564224     0.277651
       5     0.615774     0.529536     0.682900     0.523794     0.532236
       6     0.503092     0.449167     0.622119     0.562324     0.400727
       7     0.497358     0.500615     0.481311     0.393540     0.553466
       8     0.411846     0.391790     0.487593     0.337765     0.411753
       9     0.476334     0.418318     0.562648     0.456384     0.409941
      10     0.437710     0.356145     0.483260     0.469700     0.322312
      11     0.454874     0.375333     0.524012     0.441121     0.361138
      12     0.360824     0.320087     0.376042     0.480141     0.268225
       1     0.412033     0.366919     0.435288     0.496337     0.332233
       3     0.461729     0.367737     0.495413     0.500989     0.320858
       4     0.443662     0.396110     0.465498     0.461824     0.370393
       5     0.487539     0.412719     0.574611     0.502180     0.381120
       6     0.467868     0.444836     0.541668     0.515877     0.413317
       7     0.361467     0.343300     0.533214     0.297301     0.360525
       8     0.381581     0.377323     0.398492     0.275912     0.412976
       9     0.421366     0.372930     0.524186     0.368709     0.374372
      10     0.428742     0.355338     0.474830     0.439373     0.334078
      11     0.400081     0.337839     0.418624     0.598357     0.233869
      12     0.305712     0.248303     0.323248     0.311193     0.230474
       1     0.385353     0.336706     0.396869     0.424085     0.300702
       2     0.320698     0.277716     0.329686     0.396153     0.235355
       3     0.411238     0.382264     0.419334     0.511440     0.308014
       4     0.542254     0.505583     0.554859     0.600922     0.441310
       5     0.524662     0.457082     0.581308     0.473365     0.449711
       6     0.458566     0.416942     0.597063     0.425256     0.413028
       7     0.401965     0.402206     0.400746     0.387450     0.411311
       8     0.350082     0.351815     0.340086     0.294919     0.372372
       9     0.394404     0.359107     0.467718     0.343246     0.362854
      10     0.409687     0.304838     0.477107     0.362370     0.288395
      11     0.447060     0.324696     0.500881     0.451982     0.280890
      12     0.367170     0.356876     0.370055     0.365499     0.354717
       1     0.394757     0.332724     0.411206     0.433435     0.286913
       2     0.355000     0.332106     0.362599     0.391164     0.316117
       3     0.475676     0.445886     0.485706     0.512742     0.411163
       4     0.474357     0.369510     0.527772     0.471930     0.327657
       5     0.592090     0.526150     0.668295     0.709786     0.450990
       6     0.614302     0.511609     0.895765     0.533321     0.499337
       7     0.443604     0.429373     0.562336     0.345829     0.474436
       8     0.449086     0.444841     0.474595     0.346997     0.494413
       9     0.391481     0.369446     0.413917     0.317605     0.382070
      10     0.452697     0.339750     0.499538     0.413182     0.315004
      11     0.405258     0.340454     0.431652     0.449992     0.308716
      12     0.417296     0.383746     0.428344     0.516284     0.336483
       1     0.369585     0.339986     0.374984     0.430229     0.296741
       2     0.351540     0.341610     0.353990     0.306561     0.355521
       3     0.411184     0.341410     0.428886     0.458231     0.277489
       4     0.457729     0.388459     0.481280     0.465918     0.345077
       5     0.552255     0.513042     0.578897     0.540032     0.503790
       6     0.512094     0.464005     0.617219     0.484892     0.456201
       7     0.425036     0.402528     0.561138     0.355038     0.424317
       8     0.367029     0.364512     0.375520     0.297756     0.391629
       9     0.489541     0.418246     0.707462     0.306962     0.448915
      10     0.336388     0.260742     0.418976     0.350302     0.242855
      11     0.431842     0.398605     0.443729     0.477692     0.364886
      12     0.369740     0.348485     0.381741     0.350410     0.347888
       1     0.342772     0.330525     0.346778     0.382293     0.300506
       2     0.398169     0.341931     0.421800     0.406027     0.318108
       3     0.335043     0.284403     0.353852     0.342224     0.265546
       4     0.349600     0.288945     0.377714     0.334363     0.274520
       5     0.447145     0.390869     0.501641     0.477663     0.365175
       6     0.421822     0.378291     0.539599     0.412316     0.366255
