time,all aerosol,cld aerosol,cloud-free, incld-aero, isolate-aero
       1      1.00000     0.735432     0.264568     0.119420     0.616012
       2      1.00000     0.632928     0.367072    0.0969472     0.535981
       3      1.00000     0.699378     0.300622    0.0968834     0.602495
       4      1.00000     0.689053     0.310947    0.0825254     0.606528
       5      1.00000     0.672880     0.327120    0.0854782     0.587402
       6      1.00000     0.710055     0.289945    0.0946678     0.615387
       7      1.00000     0.734670     0.265330     0.100850     0.633820
       8      1.00000     0.653293     0.346707     0.108040     0.545253
       9      1.00000     0.737845     0.262155     0.117249     0.620596
      10      1.00000     0.817753     0.182247    0.0972024     0.720551
      11      1.00000     0.868882     0.131118     0.107509     0.761373
      12      1.00000     0.799331     0.200669    0.0968606     0.702470
       1      1.00000     0.820879     0.179121    0.0971937     0.723685
       2      1.00000     0.867692     0.132308     0.128087     0.739605
       3      1.00000     0.786709     0.213291    0.0902298     0.696479
       4      1.00000     0.776220     0.223780    0.0887706     0.687449
       5      1.00000     0.694710     0.305290    0.0889892     0.605721
       6      1.00000     0.690807     0.309193     0.112225     0.578582
       7      1.00000     0.671463     0.328537     0.107813     0.563650
       8      1.00000     0.654371     0.345629     0.123170     0.531201
       9      1.00000     0.651565     0.348435     0.113151     0.538414
      10      1.00000     0.725669     0.274331     0.102772     0.622898
      11      1.00000     0.821771     0.178229    0.0936095     0.728161
      12      1.00000     0.871169     0.128831     0.111522     0.759648
       1      1.00000     0.793971     0.206029     0.111475     0.682497
       2      1.00000     0.839955     0.160045     0.152939     0.687016
       3      1.00000     0.677863     0.322137    0.0734599     0.604403
       4      1.00000     0.695116     0.304884    0.0758403     0.619276
       5      1.00000     0.730522     0.269478    0.0853288     0.645194
       6      1.00000     0.677675     0.322325    0.0912656     0.586410
       7      1.00000     0.683431     0.316569     0.122557     0.560874
       8      1.00000     0.620095     0.379905     0.102669     0.517426
       9      1.00000     0.662909     0.337091     0.117497     0.545412
      10      1.00000     0.720032     0.279968    0.0926211     0.627411
      11      1.00000     0.761750     0.238250    0.0890563     0.672694
      12      1.00000     0.734774     0.265226    0.0839060     0.650868
       1      1.00000     0.754763     0.245237     0.115208     0.639555
       2      1.00000     0.515934     0.484066    0.0731602     0.442774
       3      1.00000     0.593274     0.406726    0.0849603     0.508314
       4      1.00000     0.701270     0.298730    0.0789093     0.622361
       5      1.00000     0.730483     0.269517    0.0799329     0.650550
       6      1.00000     0.719413     0.280587    0.0959753     0.623438
       7      1.00000     0.703594     0.296406     0.120173     0.583421
       8      1.00000     0.711468     0.288532     0.116427     0.595041
       9      1.00000     0.761474     0.238526    0.0927402     0.668733
      10      1.00000     0.800647     0.199353     0.106957     0.693690
      11      1.00000     0.810735     0.189265    0.0855144     0.725220
      12      1.00000     0.851665     0.148335     0.106843     0.744822
       1      1.00000     0.835769     0.164231     0.107521     0.728248
       2      1.00000     0.790303     0.209697     0.112687     0.677615
       3      1.00000     0.830542     0.169458     0.146092     0.684451
       4      1.00000     0.770121     0.229879    0.0989617     0.671160
       5      1.00000     0.792106     0.207894    0.0974905     0.694616
       6      1.00000     0.655948     0.344052     0.106662     0.549286
       7      1.00000     0.650705     0.349295     0.106644     0.544061
       8      1.00000     0.628417     0.371583     0.121563     0.506854
       9      1.00000     0.669975     0.330025     0.129975     0.540000
      10      1.00000     0.681508     0.318492    0.0887289     0.592779
      11      1.00000     0.781755     0.218245    0.0905078     0.691247
      12      1.00000     0.882040     0.117960     0.110849     0.771191
       1      1.00000     0.852002     0.147998     0.114182     0.737821
       2      1.00000     0.716399     0.283601    0.0899612     0.626438
       3      1.00000     0.780135     0.219865     0.105994     0.674141
       4      1.00000     0.673830     0.326170    0.0658844     0.607946
       5      1.00000     0.801100     0.198900     0.101768     0.699333
       6      1.00000     0.638448     0.361551     0.112241     0.526207
       7      1.00000     0.720869     0.279131     0.129355     0.591514
       8      1.00000     0.634312     0.365688     0.121906     0.512406
       9      1.00000     0.707393     0.292607     0.120659     0.586734
      10      1.00000     0.752127     0.247873    0.0932056     0.658922
      11      1.00000     0.778443     0.221557    0.0871329     0.691310
      12      1.00000     0.828962     0.171038    0.0805943     0.748368
       1      1.00000     0.766319     0.233681     0.116377     0.649942
       2      1.00000     0.770110     0.229890     0.108424     0.661686
       3      1.00000     0.667711     0.332289    0.0731082     0.594603
       4      1.00000     0.767736     0.232264    0.0779004     0.689836
       5      1.00000     0.799525     0.200475    0.0978042     0.701721
       6      1.00000     0.776661     0.223339     0.127349     0.649312
       7      1.00000     0.728582     0.271418     0.127326     0.601256
       8      1.00000     0.653053     0.346947     0.103775     0.549278
       9      1.00000     0.730703     0.269297     0.119705     0.610998
      10      1.00000     0.768214     0.231786     0.100290     0.667924
      11      1.00000     0.760397     0.239603    0.0904908     0.669906
      12      1.00000     0.815038     0.184962     0.112333     0.702705
       1      1.00000     0.771820     0.228180     0.134512     0.637308
       2      1.00000     0.743741     0.256259    0.0822288     0.661512
       3      1.00000     0.645607     0.354393    0.0860242     0.559583
       4      1.00000     0.717583     0.282417    0.0715674     0.646016
       5      1.00000     0.648459     0.351541    0.0696941     0.578765
       6      1.00000     0.683113     0.316888     0.106641     0.576471
       7      1.00000     0.721820     0.278180     0.132386     0.589434
       8      1.00000     0.620304     0.379696     0.105845     0.514460
       9      1.00000     0.712464     0.287536     0.112180     0.600283
      10      1.00000     0.730276     0.269724    0.0936147     0.636661
      11      1.00000     0.779652     0.220348    0.0802186     0.699434
      12      1.00000     0.834896     0.165104     0.102242     0.732654
       1      1.00000     0.650834     0.349166     0.117784     0.533050
       2      1.00000     0.640125     0.359875    0.0923123     0.547812
       3      1.00000     0.676863     0.323137    0.0716585     0.605205
       4      1.00000     0.715602     0.284398    0.0733769     0.642225
       5      1.00000     0.663695     0.336305    0.0597047     0.603990
       6      1.00000     0.697125     0.302875    0.0932310     0.603894
       7      1.00000     0.603505     0.396495    0.0948221     0.508683
       8      1.00000     0.550948     0.449052     0.101793     0.449155
       9      1.00000     0.506590     0.493410     0.107191     0.399398
      10      1.00000     0.538220     0.461780     0.111871     0.426348
      11      1.00000     0.633416     0.366584    0.0715578     0.561858
      12      1.00000     0.648583     0.351417    0.0764397     0.572144
       1      1.00000     0.514671     0.485329    0.0763391     0.438332
       3      1.00000     0.586350     0.413650    0.0813974     0.504952
       4      1.00000     0.571518     0.428482    0.0735071     0.498011
       5      1.00000     0.775609     0.224391    0.0773052     0.698304
       6      1.00000     0.701582     0.298418    0.0980378     0.603544
       7      1.00000     0.686058     0.313942     0.104974     0.581084
       8      1.00000     0.690393     0.309607    0.0998037     0.590590
       9      1.00000     0.748770     0.251230     0.102687     0.646083
      10      1.00000     0.843252     0.156748     0.114130     0.729121
      11      1.00000     0.889573     0.110427    0.0875843     0.801989
      12      1.00000     0.849349     0.150651     0.122575     0.726775
       1      1.00000     0.897033     0.102967     0.130872     0.766160
       2      1.00000     0.813980     0.186020     0.121868     0.692112
       3      1.00000     0.724894     0.275106     0.102461     0.622432
       4      1.00000     0.674609     0.325391    0.0777209     0.596889
       5      1.00000     0.658422     0.341578    0.0933457     0.565076
       6      1.00000     0.656349     0.343651     0.115077     0.541272
       7      1.00000     0.689267     0.310733     0.120574     0.568693
       8      1.00000     0.636870     0.363130     0.104900     0.531971
       9      1.00000     0.689544     0.310456     0.123845     0.565698
      10      1.00000     0.803354     0.196646     0.113433     0.689921
      11      1.00000     0.854201     0.145799    0.0975186     0.756682
      12      1.00000     0.768202     0.231798     0.103568     0.664635
       1      1.00000     0.836058     0.163942     0.120379     0.715679
       2      1.00000     0.699367     0.300633     0.106253     0.593114
       3      1.00000     0.751720     0.248280    0.0902419     0.661478
       4      1.00000     0.812869     0.187131    0.0778170     0.735052
       5      1.00000     0.708299     0.291701    0.0819012     0.626397
       6      1.00000     0.667175     0.332825     0.103971     0.563205
       7      1.00000     0.685092     0.314908     0.118668     0.566424
       8      1.00000     0.605153     0.394847     0.113994     0.491159
       9      1.00000     0.661626     0.338375     0.104574     0.557052
      10      1.00000     0.710259     0.289741    0.0854661     0.624793
      11      1.00000     0.779623     0.220377    0.0854003     0.694223
      12      1.00000     0.826235     0.173765    0.0972098     0.729026
       1      1.00000     0.784637     0.215363     0.115309     0.669328
       2      1.00000     0.608618     0.391382    0.0797535     0.528865
       3      1.00000     0.617773     0.382227    0.0859938     0.531779
       4      1.00000     0.679405     0.320595    0.0717330     0.607672
       5      1.00000     0.587642     0.412358    0.0639521     0.523690
       6      1.00000     0.659949     0.340051     0.101864     0.558085
       7      1.00000     0.574393     0.425607     0.110809     0.463584
       8      1.00000     0.670068     0.329932     0.121876     0.548192
       9      1.00000     0.386068     0.613932    0.0708383     0.315230
      10      1.00000     0.664793     0.335207    0.0967542     0.568039
      11      1.00000     0.698820     0.301180    0.0780421     0.620778
      12      1.00000     0.733526     0.266474    0.0869617     0.646564
       1      1.00000     0.652921     0.347079    0.0924324     0.560489
       2      1.00000     0.743842     0.256158    0.0925467     0.651295
       3      1.00000     0.621522     0.378478    0.0810337     0.540489
       4      1.00000     0.649605     0.350395    0.0708845     0.578720
       5      1.00000     0.722187     0.277813    0.0881077     0.634079
       6      1.00000     0.664326     0.335674     0.106615     0.557711
