time,all aerosol,cld aerosol,cloud-free, incld-aero, isolate-aero
       1     0.163058     0.163451     0.161965     0.181931     0.159869
       2     0.156218     0.157413     0.154158     0.190207     0.151481
       3     0.154557     0.157329     0.148107     0.191863     0.151776
       4     0.127164     0.133465     0.113201     0.174703     0.127854
       5     0.109093     0.123418    0.0796252     0.151019     0.119402
       6     0.102823     0.111630    0.0812549     0.150680     0.105623
       7     0.131719     0.142548     0.101737     0.182562     0.136181
       8     0.139095     0.144771     0.128402     0.177637     0.138258
       9     0.153963     0.160801     0.134716     0.179458     0.157276
      10     0.134314     0.140468     0.106702     0.164240     0.137261
      11     0.143872     0.143714     0.144920     0.165557     0.140629
      12     0.132846     0.134038     0.128096     0.168626     0.129269
       1     0.154125     0.155981     0.145617     0.197823     0.150362
       2     0.170964     0.171145     0.169776     0.208006     0.164761
       3     0.135645     0.140300     0.118477     0.187525     0.134182
       4     0.118596     0.128487    0.0842853     0.165140     0.123754
       5     0.131552     0.142229     0.107254     0.169467     0.138228
       6     0.122319     0.131859     0.101005     0.170197     0.124423
       7     0.125981     0.127182     0.123524     0.161825     0.120556
       8     0.140394     0.147870     0.126240     0.160373     0.144972
       9     0.127421     0.134536     0.114117     0.179253     0.125139
      10     0.114902     0.127647    0.0811886     0.149711     0.124007
      11     0.118717     0.124526    0.0919331     0.183794     0.116907
      12     0.134275     0.135324     0.127182     0.175287     0.129457
       1     0.154824     0.152962     0.161999     0.179700     0.148594
       2     0.200681     0.196577     0.222219     0.223120     0.190667
       3     0.111219     0.120175    0.0923736     0.175958     0.113395
       4     0.121351     0.131739    0.0976677     0.187826     0.124870
       5     0.102639     0.114665    0.0700398     0.164661     0.108052
       6     0.110887     0.119618    0.0925291     0.167752     0.112127
       7     0.146264     0.155692     0.125910     0.172078     0.152112
       8     0.157136     0.170036     0.136081     0.190414     0.165992
       9     0.197456     0.201892     0.188731     0.220871     0.197804
      10     0.162413     0.162966     0.160990     0.178655     0.160650
      11     0.130281     0.138998     0.102410     0.158547     0.136410
      12     0.132106     0.137309     0.117689     0.177324     0.132151
       1     0.154615     0.155295     0.152521     0.173714     0.151978
       2     0.131646     0.140949     0.121731     0.186507     0.133421
       3     0.154466     0.159071     0.147750     0.217522     0.149301
       4     0.128117     0.138180     0.104495     0.165359     0.134734
       5    0.0977577     0.107276    0.0719604     0.157940     0.101051
       6     0.105295     0.115364    0.0794779     0.167889     0.107278
       7     0.119254     0.133557    0.0853033     0.155778     0.128980
       8     0.117986     0.126464    0.0970813     0.151629     0.121540
       9     0.100829     0.110181    0.0709748     0.144462     0.105427
      10     0.113151     0.122619    0.0751233     0.160082     0.116843
      11    0.0955737     0.101207    0.0714412     0.147628    0.0957338
      12     0.118480     0.124552    0.0836173     0.172607     0.117658
       1     0.131192     0.135090     0.111355     0.186447     0.127507
       2     0.158194     0.158467     0.157165     0.198678     0.151780
       3     0.139496     0.143493     0.119902     0.185223     0.134586
       4     0.132943     0.135518     0.124318     0.188232     0.127745
       5     0.125458     0.132160    0.0999191     0.182257     0.125129
       6     0.139948     0.146489     0.127477     0.190820     0.137880
       7     0.146636     0.153572     0.133716     0.178347     0.148716
       8     0.161110     0.162316     0.159069     0.183874     0.157146
       9     0.151266     0.158338     0.136910     0.167099     0.156230
      10     0.110270     0.120670    0.0880139     0.145732     0.116919
      11     0.107338     0.115829    0.0769240     0.152036     0.111088
      12     0.142431     0.146066     0.115244     0.166239     0.143167
       1     0.128523     0.130555     0.116826     0.166371     0.125012
       2     0.141352     0.146202     0.129102     0.182500     0.140989
       3     0.168270     0.170037     0.161998     0.219983     0.162184
       4    0.0992167     0.109012    0.0789798     0.154544     0.104078
       5     0.115632     0.122727    0.0870514     0.167617     0.116195
       6     0.149923     0.161031     0.130307     0.176096     0.157818
       7     0.142529     0.149210     0.125275     0.174893     0.143594
       8     0.155263     0.159691     0.147582     0.181028     0.154614
       9     0.170104     0.173126     0.162799     0.194891     0.168651
      10     0.153547     0.160017     0.133913     0.179256     0.157296
      11     0.121226     0.128550    0.0954943     0.153448     0.125412
      12     0.132158     0.137657     0.105509     0.177032     0.133416
       1     0.152751     0.149500     0.163412     0.192303     0.141836
       2     0.163270     0.169307     0.143046     0.214069     0.161973
       3     0.143410     0.139115     0.152040     0.196351     0.132078
       4     0.109202     0.114848    0.0905396     0.183990     0.107040
       5     0.103764     0.108704    0.0840659     0.144795     0.103673
       6     0.150627     0.155439     0.133892     0.200720     0.146558
       7     0.125642     0.133885     0.103515     0.156984     0.128994
       8     0.127969     0.141898     0.101750     0.176033     0.135449
       9     0.143738     0.146240     0.136948     0.171608     0.141270
      10     0.149604     0.148907     0.151913     0.185536     0.143407
      11     0.112332     0.122078    0.0814018     0.144823     0.119005
      12     0.136217     0.142029     0.110606     0.176710     0.136485
       1     0.182158     0.172472     0.214917     0.193892     0.167952
       2     0.140233     0.142669     0.133165     0.223483     0.132623
       3     0.174105     0.167278     0.186540     0.241524     0.155865
       4     0.111779     0.117195    0.0980187     0.166045     0.111783
       5    0.0920882     0.105177    0.0679434     0.148569    0.0999523
       6     0.121629     0.129548     0.104559     0.164133     0.123150
       7     0.153636     0.160026     0.137054     0.185514     0.154302
       8     0.129664     0.137436     0.116967     0.179499     0.128782
       9     0.163786     0.168035     0.153258     0.196297     0.162753
      10     0.183750     0.186462     0.176405     0.210325     0.182954
      11     0.125131     0.129181     0.110801     0.165793     0.124982
      12     0.122393     0.126737     0.100425     0.155808     0.122681
       1     0.141716     0.148735     0.128632     0.181154     0.141572
       2     0.161570     0.161272     0.162100     0.226918     0.150210
       3     0.159508     0.156415     0.165986     0.241603     0.146328
       4     0.116310     0.122141     0.101638     0.179928     0.115538
       5     0.110563     0.120695    0.0905674     0.176185     0.115209
       6     0.115225     0.119705     0.104914     0.177982     0.110708
       7     0.130701     0.139252     0.117687     0.156159     0.136100
       8     0.150724     0.163484     0.135069     0.176465     0.160542
       9     0.246228     0.259439     0.232664     0.256009     0.260360
      10     0.304950     0.337304     0.267240     0.288063     0.350225
      11     0.124930     0.137104     0.103894     0.181118     0.131498
      12     0.127924     0.136611     0.111890     0.163597     0.133006
       1     0.123255     0.135318     0.110462     0.190591     0.125692
       3     0.149372     0.156403     0.139407     0.250126     0.141295
       4     0.138926     0.151705     0.121881     0.203224     0.144101
       5     0.105534     0.110190    0.0894407     0.147822     0.106024
       6     0.104127     0.115594    0.0771692     0.146041     0.110648
       7     0.114329     0.119995     0.101947     0.139748     0.116426
       8     0.125906     0.138238    0.0984054     0.143670     0.137321
       9     0.113338     0.125460    0.0772097     0.165539     0.119090
      10     0.119977     0.127494    0.0795378     0.164917     0.121636
      11     0.117422     0.121228    0.0867632     0.178300     0.114995
      12     0.126781     0.129561     0.111103     0.162356     0.124030
       1     0.142400     0.144954     0.120155     0.165308     0.141477
       2     0.155956     0.150435     0.180113     0.173393     0.146393
       3     0.140598     0.143450     0.133083     0.185058     0.136601
       4     0.110254     0.123775    0.0822235     0.150488     0.120296
       5     0.109680     0.121257    0.0873648     0.160382     0.114793
       6     0.109492     0.120322    0.0888084     0.150506     0.113904
       7     0.122993     0.137122    0.0916519     0.162427     0.131757
       8     0.121482     0.131596     0.103743     0.164353     0.125136
       9     0.125072     0.134942     0.103150     0.145788     0.132568
      10     0.121743     0.127543    0.0980464     0.162869     0.121736
      11     0.106624     0.112060    0.0747754     0.145051     0.107808
      12     0.126136     0.132040     0.106570     0.167683     0.126486
       1     0.136172     0.141971     0.106598     0.172259     0.136876
       2     0.148035     0.149257     0.145193     0.185437     0.142775
       3     0.151417     0.155416     0.139307     0.193502     0.150220
       4     0.136775     0.141653     0.115588     0.196755     0.135819
       5     0.110806     0.119689    0.0892363     0.162655     0.114071
       6     0.115796     0.128376    0.0905800     0.155572     0.123355
       7     0.146383     0.152605     0.132847     0.167693     0.149444
       8     0.168072     0.165214     0.172454     0.184229     0.160800
       9     0.146692     0.154845     0.130750     0.179708     0.150177
      10     0.136774     0.148199     0.108769     0.160026     0.146581
      11     0.114656     0.121944    0.0888746     0.158682     0.117425
      12     0.131716     0.136116     0.110798     0.182699     0.129904
       1     0.160640     0.159679     0.164144     0.177295     0.156644
       2     0.145280     0.144855     0.145942     0.196092     0.137128
       3     0.150683     0.155455     0.142969     0.197674     0.148628
       4     0.115335     0.126979    0.0906600     0.171039     0.121778
       5     0.100764     0.114300    0.0814736     0.159705     0.108755
       6     0.118261     0.127722    0.0999006     0.154272     0.122876
       7     0.130215     0.141768     0.114623     0.165007     0.136213
       8     0.161102     0.160342     0.162645     0.166715     0.158925
       9     0.159219     0.179261     0.146617     0.108931     0.195065
      10     0.140049     0.155513     0.109381     0.176665     0.151910
      11     0.156638     0.160005     0.148826     0.182715     0.157150
      12     0.134165     0.141644     0.113576     0.180633     0.136400
       1     0.137269     0.142493     0.127442     0.187193     0.135121
       2     0.165221     0.166722     0.160861     0.191093     0.163259
       3     0.145674     0.145641     0.145728     0.195034     0.138236
       4     0.118051     0.126606     0.102190     0.170948     0.121175
       5     0.107580     0.118371    0.0795267     0.162574     0.112229
       6     0.104473     0.115571    0.0825101     0.138464     0.111194
