2007 1   0.13507   0.18981   0.17412   0.18279   0.15423   0.37261
2007 2   0.17424   0.23760   0.17860   0.21187   0.17630   0.44948
2007 3   0.18925   0.21314   0.20907   0.17274   0.19812   0.38588
2007 4   0.22555   0.17737   0.24816   0.15941   0.23625   0.33678
2007 5   0.25549   0.17723   0.25633   0.12453   0.25584   0.30176
2007 6   0.23379   0.16760   0.26504   0.09018   0.24472   0.25778
2007 7   0.20570   0.21818   0.30346   0.09052   0.23437   0.30871
2007 8   0.20908   0.21726   0.25946   0.09535   0.22445   0.31262
2007 9   0.17439   0.22625   0.22156   0.10702   0.18954   0.33327
200710   0.15227   0.19069   0.20123   0.14908   0.17375   0.33977
200711   0.14783   0.20715   0.16493   0.18995   0.15601   0.39710
200712   0.10846   0.22065   0.14906   0.17167   0.12622   0.39232
2008 1   0.15678   0.20875   0.16271   0.17336   0.15947   0.38211
2008 2   0.15505   0.25775   0.17077   0.19185   0.16176   0.44960
2008 3   0.20263   0.24375   0.19351   0.19798   0.19854   0.44173
2008 4   0.22940   0.25416   0.22267   0.20197   0.22642   0.45613
2008 5   0.25910   0.19938   0.21518   0.15693   0.23975   0.35631
2008 6   0.26277   0.19288   0.25963   0.08171   0.26183   0.27459
2008 7   0.23486   0.20648   0.24344   0.07870   0.23722   0.28518
2008 8   0.24331   0.21209   0.20672   0.10059   0.23154   0.31268
2008 9   0.21077   0.17517   0.17623   0.12498   0.19639   0.30015
200810   0.15296   0.17349   0.13403   0.16973   0.14360   0.34323
200811   0.11578   0.17441   0.14195   0.15292   0.12800   0.32732
200812   0.12859   0.20136   0.15049   0.16416   0.13843   0.36552
2009 1   0.13529   0.22428   0.15671   0.19720   0.14531   0.42148
2009 2   0.11946   0.29742   0.14380   0.19134   0.12899   0.48875
2009 3   0.15063   0.25489   0.16458   0.20323   0.15682   0.45812
2009 4   0.22816   0.22575   0.20650   0.18530   0.21840   0.41106
2009 5   0.24330   0.16994   0.24982   0.11930   0.24599   0.28924
2009 6   0.22335   0.17729   0.24310   0.08994   0.23000   0.26723
2009 7   0.27157   0.18559   0.23482   0.07786   0.26071   0.26345
2009 8   0.23233   0.18092   0.21305   0.09438   0.22572   0.27530
2009 9   0.20622   0.15894   0.20504   0.10183   0.20576   0.26077
200910   0.14123   0.19592   0.16089   0.12636   0.14894   0.32227
200911   0.11342   0.15343   0.14013   0.14442   0.12637   0.29785
200912   0.11906   0.19503   0.13947   0.17797   0.12880   0.37300
2010 1   0.12791   0.20039   0.16634   0.18114   0.14616   0.38153
2010 2   0.12366   0.25004   0.16154   0.16553   0.13875   0.41557
2010 3   0.16018   0.20480   0.18842   0.18845   0.17371   0.39325
2010 4   0.21073   0.20051   0.20540   0.15837   0.20838   0.35888
2010 5   0.21531   0.17071   0.22652   0.11707   0.21987   0.28778
2010 6   0.24449   0.17578   0.25910   0.08739   0.24934   0.26317
2010 7   0.26438   0.22445   0.26509   0.08046   0.26457   0.30491
2010 8   0.34012   0.24000   0.28122   0.09358   0.32360   0.33358
2010 9   0.19476   0.19783   0.18549   0.10387   0.19157   0.30170
201010   0.17603   0.17098   0.15204   0.14907   0.16485   0.32005
201011   0.12919   0.21038   0.14049   0.18373   0.13446   0.39411
201012   0.16075   0.30842   0.15651   0.19756   0.15909   0.50598
2011 1   0.13529   0.24238   0.14698   0.19715   0.14053   0.43953
2011 2   0.16110   0.25090   0.18526   0.17234   0.17094   0.42324
2011 3   0.17269   0.22181   0.18708   0.18621   0.17926   0.40802
2011 4   0.22784   0.18578   0.20354   0.16285   0.21649   0.34862
2011 5   0.24050   0.19016   0.22904   0.11486   0.23619   0.30503
2011 6   0.23871   0.18872   0.23523   0.09738   0.23753   0.28609
2011 7   0.21227   0.17862   0.22492   0.07519   0.21602   0.25381
2011 8   0.21528   0.18893   0.23846   0.08288   0.22234   0.27180
2011 9   0.16270   0.19414   0.21282   0.08714   0.17823   0.28128
201110   0.18509   0.17516   0.17041   0.12207   0.17906   0.29723
201111   0.14489   0.15946   0.15605   0.15599   0.15041   0.31545
201112   0.12922   0.16149   0.14912   0.15401   0.13893   0.31550
2012 1   0.13176   0.20385   0.14758   0.17361   0.13904   0.37746
2012 2   0.14871   0.23880   0.16107   0.18810   0.15415   0.42690
2012 3   0.19239   0.26143   0.16111   0.20006   0.17883   0.46149
2012 4   0.24392   0.19231   0.21367   0.15998   0.23018   0.35228
2012 5   0.23589   0.18309   0.23828   0.12498   0.23686   0.30807
2012 6   0.26091   0.20743   0.28249   0.09344   0.26761   0.30086
2012 7   0.42221   0.22891   0.34168   0.09784   0.39809   0.32675
2012 8   0.27331   0.22221   0.25161   0.10200   0.26648   0.32420
2012 9   0.17906   0.20335   0.19085   0.10423   0.18305   0.30758
201210   0.13829   0.16254   0.16492   0.13125   0.15019   0.29379
201211   0.15963   0.17418   0.15461   0.17596   0.15710   0.35015
201212   0.13518   0.23949   0.15719   0.18481   0.14477   0.42431
2013 1   0.14091   0.27232   0.16694   0.21422   0.15237   0.48653
2013 2   0.14987   0.21536   0.17311   0.18338   0.16056   0.39874
2013 3   0.18891   0.25174   0.18745   0.18681   0.18828   0.43855
2013 4   0.19811   0.19400   0.22659   0.14148   0.21012   0.33548
2013 5   0.20014   0.14188   0.19930   0.10933   0.19977   0.25122
2013 6   0.25138   0.18812   0.25267   0.07456   0.25174   0.26268
2013 7   0.26848   0.23927   0.25102   0.09597   0.26348   0.33524
2013 8   0.37178   0.24434   0.32822   0.11200   0.35809   0.35634
2013 9   0.22335   0.17732   0.18997   0.09512   0.21170   0.27243
201310   0.19633   0.21052   0.15962   0.14409   0.18141   0.35462
201311   0.17586   0.17326   0.15942   0.17095   0.16770   0.34422
201312   0.11925   0.22095   0.14193   0.18979   0.12973   0.41074
2014 1   0.13865   0.23922   0.17186   0.17120   0.15250   0.41042
2014 2   0.18703   0.20934   0.19162   0.18171   0.18917   0.39105
2014 3   0.19307   0.19007   0.18990   0.18407   0.19151   0.37415
2014 4   0.23250   0.18579   0.20349   0.17127   0.21859   0.35706
2014 5   0.24291   0.17931   0.21839   0.12434   0.23287   0.30365
2014 6   0.21089   0.17079   0.24574   0.08294   0.22228   0.25373
2014 7   0.25240   0.19895   0.23553   0.09271   0.24704   0.29167
2014 8   0.20358   0.21500   0.21483   0.09116   0.20693   0.30616
2014 9   0.21542   0.21060   0.17492   0.15039   0.19855   0.36099
201410   0.17105   0.17065   0.14159   0.17530   0.15612   0.34595
201411   0.11944   0.22675   0.14066   0.17871   0.12880   0.40545
201412   0.12154   0.21447   0.15383   0.19529   0.13693   0.40976
2015 1   0.12295   0.22687   0.14876   0.20349   0.13515   0.43036
2015 2   0.15317   0.21174   0.16362   0.18137   0.15799   0.39310
2015 3   0.18004   0.19353   0.21723   0.16451   0.19713   0.35804
2015 4   0.21294   0.18153   0.21884   0.14251   0.21554   0.32404
2015 5   0.21666   0.15301   0.23581   0.10398   0.22441   0.25699
2015 6   0.23341   0.20100   0.24916   0.08325   0.23802   0.28425
2015 7   0.21278   0.21005   0.19911   0.08962   0.20869   0.29967
2015 8   0.19345   0.18245   0.22032   0.08893   0.20225   0.27137
2015 9   0.18151   0.17326   0.18619   0.10763   0.18330   0.28089
201510   0.20131   0.15324   0.17266   0.12968   0.18818   0.28291
201511   0.13126   0.15039   0.15661   0.16415   0.14449   0.31454
201512   0.13990   0.15661   0.16767   0.16040   0.15395   0.31701
2016 1   0.15122   0.16058   0.15129   0.17604   0.15126   0.33661
2016 3   0.17632   0.18679   0.19806   0.19251   0.18736   0.37930
2016 4   0.17910   0.16646   0.19812   0.14427   0.18793   0.31074
2016 5   0.19756   0.14644   0.23302   0.10481   0.21236   0.25125
2016 6   0.25128   0.18026   0.26974   0.07934   0.25692   0.25960
2016 7   0.44855   0.25404   0.39566   0.10123   0.43348   0.35526
2016 8   0.19077   0.24162   0.23718   0.08926   0.20329   0.33088
2016 9   0.22657   0.23543   0.21042   0.11015   0.22142   0.34558
201610   0.18670   0.16805   0.17397   0.14699   0.18076   0.31504
201611   0.13775   0.21231   0.15542   0.17319   0.14569   0.38550
201612   0.13421   0.23313   0.17075   0.18642   0.15044   0.41954
2017 1   0.15588   0.19683   0.17311   0.18905   0.16432   0.38589
2017 2   0.15616   0.21239   0.18260   0.18028   0.16830   0.39267
2017 3   0.15637   0.18962   0.18231   0.17316   0.16875   0.36278
2017 4   0.16916   0.17482   0.19111   0.13775   0.17883   0.31257
2017 5   0.21102   0.15718   0.22625   0.10607   0.21716   0.26325
2017 6   0.19472   0.17312   0.23620   0.08514   0.20839   0.25826
2017 7   0.19521   0.16714   0.22975   0.06254   0.20462   0.22968
2017 8   0.18893   0.20608   0.18333   0.11175   0.18696   0.31783
2017 9   0.18839   0.17376   0.18031   0.10201   0.18540   0.27577
201710   0.20876   0.16255   0.16486   0.14161   0.18833   0.30416
201711   0.14987   0.15931   0.14591   0.16563   0.14785   0.32494
201712   0.12625   0.17735   0.15792   0.16085   0.14132   0.33819
2018 1   0.14115   0.20787   0.15652   0.18102   0.14831   0.38889
2018 2   0.16529   0.23549   0.16195   0.18170   0.16384   0.41719
2018 3   0.18094   0.20232   0.21126   0.18463   0.19541   0.38694
2018 4   0.18443   0.18561   0.20844   0.15297   0.19528   0.33857
2018 5   0.24942   0.15727   0.22735   0.10754   0.24046   0.26481
2018 6   0.21199   0.18056   0.24027   0.07978   0.22066   0.26034
2018 7   0.25523   0.23530   0.25800   0.07936   0.25593   0.31466
2018 8   0.19843   0.22064   0.17877   0.12786   0.19121   0.34851
2018 9   0.17721   0.22488   0.16191   0.12146   0.17184   0.34635
201810   0.15240   0.17794   0.17634   0.13369   0.16267   0.31163
201811   0.13143   0.17169   0.15858   0.16273   0.14464   0.33442
201812   0.15128   0.16412   0.17127   0.15924   0.16112   0.32336
