2007 1   0.35892   0.66068   1.19223   0.26493   0.34124   0.92560
2007 2   0.39574   0.80920   5.15885   0.06811   0.40053   0.87732
2007 3   0.42439   0.79996   3.78333   0.10503   0.43908   0.90499
2007 4   0.51132   0.82095   6.53150   0.06943   0.50930   0.89038
2007 5   0.83099   0.75226   6.18934   0.11437   0.81683   0.86663
2007 6   0.77984   0.17470   1.22150   0.39524   0.84709   0.56994
2007 7   1.10670   0.12117   1.46669   0.36833   1.10364   0.48950
2007 8   0.77188   0.14968   1.12333   0.33767   0.77832   0.48735
2007 9   0.81014   0.41693   1.93942   0.26270   0.74965   0.67963
200710   0.49541   0.83358   4.38815   0.10847   0.50526   0.94205
200711   0.49551   0.94295  11.94501   0.04093   0.49696   0.98389
200712   0.35515   0.82227   2.81804   0.12314   0.36706   0.94541
2008 1   0.40195   0.60216   1.40880   0.23045   0.38993   0.83261
2008 2   0.37618   0.96330  26.43933   0.01407   0.38054   0.97737
2008 3   0.50403   0.72979   3.81998   0.11455   0.51825   0.84434
2008 4   0.62375   0.77188   4.06112   0.14005   0.62368   0.91193
2008 5   1.07357   0.80256   9.47945   0.10150   1.06430   0.90406
2008 6   1.31597   0.21184   1.94819   0.43973   1.31478   0.65157
2008 7   1.36388   0.09022   1.47428   0.41548   1.21125   0.50570
2008 8   1.01296   0.14997   1.29959   0.39263   0.94039   0.54260
2008 9   0.62600   0.38546   1.46166   0.26714   0.59833   0.65260
200810   0.57768   0.81943   4.82762   0.11123   0.57701   0.93066
200811   0.48028   0.80714   3.67594   0.12065   0.47803   0.92780
200812   0.31496   0.73499   2.52171   0.10973   0.32757   0.84472
2009 1   0.45916   0.59289   1.86650   0.18542   0.44467   0.77831
2009 2   0.27342   0.89525   3.84657   0.06686   0.26733   0.96211
2009 3   0.46270   0.64253   1.84418   0.20501   0.44609   0.84755
2009 4   0.52298   0.81255   5.19472   0.09156   0.52608   0.90411
2009 5   0.96619   0.67103   3.68253   0.23172   0.94524   0.90274
2009 6   1.22292   0.51271   3.27481   0.27885   1.15366   0.79157
2009 7   1.00121   0.18681   1.31654   0.39080   0.89074   0.57761
2009 8   1.24198   0.22058   1.58795   0.46060   1.07374   0.68118
2009 9   0.50704   0.59650   1.95348   0.24203   0.56384   0.83853
200910   0.53953   0.79713   5.54945   0.08581   0.53932   0.88294
200911   0.45693   0.71980   2.30542   0.17459   0.45003   0.89439
200912   0.46088   0.78510   2.61281   0.16171   0.44626   0.94681
2010 1   0.33980   0.79411   2.41985   0.12599   0.33136   0.92010
2010 2   0.38952   0.70360   2.42362   0.13625   0.39319   0.83984
2010 3   0.47934   0.85357   5.45753   0.08071   0.47144   0.93428
2010 4   0.79109   0.79664   5.43970   0.13243   0.77536   0.92907
2010 5   0.97437   0.75481   5.68722   0.15911   0.99011   0.91392
2010 6   1.10515   0.38598   2.51865   0.32168   1.14490   0.70765
2010 7   1.09087   0.11231   1.30973   0.28696   0.94131   0.39928
2010 8   0.69609   0.09383   0.94569   0.34259   0.74237   0.43642
2010 9   0.63847   0.33354   1.46919   0.29916   0.69468   0.63270
201010   0.65326   0.74692   4.33879   0.13550   0.66624   0.88243
201011   0.51473   0.65658   2.65737   0.15352   0.50359   0.81011
201012   0.43531   0.93170  10.20663   0.04157   0.43598   0.97327
2011 1   0.29218   0.85822   3.38949   0.07947   0.28727   0.93769
2011 2   0.37173   0.77325   3.48962   0.09145   0.36906   0.86470
2011 3   0.47665   0.79945   5.79160   0.07139   0.47480   0.87084
2011 4   0.60169   0.69585   3.28016   0.16062   0.61516   0.85648
2011 5   0.87788   0.74787   5.95900   0.12925   0.87810   0.87713
2011 6   1.38903   0.25352   2.14660   0.31798   1.19437   0.57150
2011 7   1.27129   0.13738   1.45836   0.34456   1.04265   0.48194
2011 8   0.62948   0.14519   1.00153   0.34023   0.70197   0.48541
2011 9   0.66167   0.29164   1.37996   0.25184   0.63945   0.54347
201110   0.47734   0.84572   4.45874   0.10343   0.48589   0.94916
201111   0.42247   0.84262   3.54107   0.11327   0.41962   0.95589
201112   0.35560   0.88874   4.03690   0.08556   0.35449   0.97430
2012 1   0.41324   0.83637   5.93979   0.06398   0.42207   0.90034
2012 2   0.37969   0.85711   4.47043   0.08013   0.38218   0.93724
2012 3   0.74177   0.83315   4.62424   0.15528   0.72646   0.98842
2012 4   0.62458   0.63789   2.60312   0.18845   0.59365   0.82634
2012 5   0.94894   0.70635   4.65179   0.18113   0.94942   0.88749
2012 6   1.34856   0.44629   2.92527   0.35039   1.28657   0.79668
2012 7   1.15852   0.14033   1.62738   0.26269   1.06073   0.40302
2012 8   0.67950   0.07449   0.95461   0.31771   0.77329   0.39221
2012 9   0.63302   0.41820   1.62200   0.25190   0.60974   0.67010
201210   0.50560   0.80608   3.83827   0.12560   0.51746   0.93168
201211   0.58626   0.91332   8.19946   0.06923   0.57774   0.98255
201212   0.36838   0.76919   2.16147   0.15655   0.36553   0.92574
2013 1   0.45116   0.79445   3.16226   0.13266   0.45247   0.92710
2013 2   0.37152   0.78570   4.08987   0.08401   0.39507   0.86971
2013 3   0.32197   0.67927   1.87583   0.14600   0.33185   0.82527
2013 4   0.55833   0.69838   3.19297   0.15184   0.57024   0.85022
2013 5   0.69073   0.83502   6.03659   0.11140   0.71055   0.94642
2013 6   1.04590   0.25224   1.82362   0.35062   1.06061   0.60286
2013 7   1.06251   0.07686   1.15876   0.23795   0.87586   0.31481
2013 8   0.96924   0.10239   1.11727   0.23832   0.78150   0.34071
2013 9   0.75825   0.46297   1.85324   0.27957   0.69775   0.74254
201310   0.57988   0.77982   5.34941   0.09460   0.57873   0.87442
201311   0.57397   0.91869  10.66072   0.05158   0.56670   0.97027
201312   0.46837   0.92184  12.07776   0.03737   0.47051   0.95920
2014 1   0.50086   0.75678   3.44452   0.12894   0.50145   0.88572
2014 2   0.41368   0.70638   2.17546   0.16499   0.41192   0.87137
2014 3   0.40086   0.76528   2.92431   0.12062   0.39818   0.88590
2014 4   0.51198   0.75620   3.01150   0.15702   0.51782   0.91322
2014 5   0.85155   0.66386   3.93890   0.17829   0.83391   0.84216
2014 6   1.13756   0.54163   3.45459   0.26061   1.12224   0.80224
2014 7   1.42624   0.22123   2.08368   0.32108   1.23366   0.54231
2014 8   0.94086   0.15914   1.23476   0.39660   0.88117   0.55574
2014 9   0.62191   0.56635   2.44223   0.20383   0.64634   0.77017
201410   0.65437   0.72702   4.65673   0.11724   0.64665   0.84425
201411   0.48825   0.80558   3.14957   0.15122   0.49778   0.95679
201412   0.40271   0.72182   2.20237   0.15717   0.39379   0.87899
2015 1   0.43343   0.69495   1.88411   0.20762   0.43341   0.90257
2015 2   0.44418   0.79036   3.90858   0.09959   0.43739   0.88995
2015 3   0.40911   0.65552   2.38705   0.13593   0.40998   0.79146
2015 4   0.82834   0.77266   9.22686   0.07599   0.82615   0.84865
2015 5   0.82742   0.72108   4.81095   0.14953   0.82628   0.87061
2015 6   1.13346   0.46833   3.39753   0.20428   1.03186   0.67261
2015 7   1.42897   0.18432   1.78953   0.36438   1.18839   0.54869
2015 8   1.17512   0.21811   1.49630   0.41581   0.98148   0.63392
2015 9   0.66355   0.55261   1.93707   0.29892   0.67999   0.85153
201510   0.61432   0.82610   5.90951   0.09598   0.61514   0.92209
201511   0.70795   0.64684   2.25390   0.28147   0.68339   0.92830
201512   0.37140   0.78407   2.12724   0.17009   0.37920   0.95416
2016 1   0.46407   0.82897   4.08687   0.10515   0.46005   0.93412
2016 3   0.56107   0.64657   1.96750   0.21978   0.49912   0.86635
2016 4   0.52778   0.64392   2.07310   0.21564   0.52009   0.85956
2016 5   0.97384   0.75495   6.38339   0.13477   0.96694   0.88973
2016 6   1.14711   0.36841   2.28645   0.34486   1.10548   0.71327
2016 7   1.26334   0.08977   1.37274   0.30049   1.05698   0.39026
2016 8   0.67158   0.09919   0.94293   0.28480   0.69936   0.38399
2016 9   0.76093   0.53149   2.24158   0.28460   0.78172   0.81609
201610   0.59193   0.84201   7.98272   0.06713   0.58943   0.90914
201611   0.49682   0.96578  18.28284   0.02648   0.48791   0.99226
201612   0.28944   0.89041   3.43041   0.08443   0.29712   0.97484
2017 1   0.49539   0.81816   5.71921   0.07610   0.48672   0.89427
2017 2   0.31890   0.76856   2.09208   0.14212   0.32649   0.91068
2017 3   0.44255   0.78690   3.67698   0.10582   0.43587   0.89273
2017 4   0.68418   0.91373  18.20332   0.03603   0.69051   0.94976
2017 5   0.87755   0.73836   5.71465   0.13601   0.88894   0.87437
2017 6   1.15211   0.41114   2.59890   0.29641   1.08874   0.70754
2017 7   1.18474   0.15463   1.30163   0.45582   0.97192   0.61045
2017 8   0.81642   0.15292   1.21717   0.35207   0.84859   0.50498
2017 9   0.55800   0.49922   1.64953   0.25023   0.55076   0.74946
201710   0.58433   0.78016   4.34211   0.12065   0.58154   0.90081
201711   0.72369   0.91756  14.23539   0.04902   0.72191   0.96658
201712   0.43909   0.67047   2.30806   0.15309   0.42905   0.82356
2018 1   0.43368   0.93069   9.97783   0.04191   0.42995   0.97260
2018 2   0.47841   0.65129   2.00584   0.19770   0.46709   0.84900
2018 3   0.49265   0.87536   7.65312   0.06159   0.50308   0.93695
2018 4   0.68462   0.76653   5.15087   0.11823   0.68830   0.88476
2018 5   0.94842   0.79778   8.02236   0.10785   0.95538   0.90563
2018 6   1.50408   0.39763   3.12750   0.32174   1.39877   0.71937
2018 7   1.51583   0.13837   1.74045   0.31447   1.20863   0.45285
2018 8   1.47260   0.06072   1.29893   0.33679   1.10053   0.39750
2018 9   0.70017   0.39589   1.83613   0.25912   0.72637   0.65501
201810   0.59471   0.86357   7.72510   0.07049   0.58296   0.93405
201811   0.54343   0.82834   4.51164   0.11309   0.54195   0.94143
201812   0.43535   0.84547   3.99800   0.10457   0.44005   0.95004
