time,all aerosol,cld aerosol,cloud-free, incld-aero, isolate-aero
       1     0.105809     0.108006     0.103861     0.122222    0.0980122
       2     0.122658     0.152259     0.104332     0.151033     0.153418
       3    0.0897954    0.0950206    0.0838294    0.0916202    0.0970553
       4     0.102201    0.0992479     0.105779     0.116571    0.0910761
       5    0.0868094    0.0835683    0.0941525     0.117881    0.0716304
       6    0.0710100    0.0682898    0.0740982    0.0942185    0.0586152
       7    0.0718871    0.0827526    0.0662243     0.111069    0.0632819
       8    0.0678734    0.0877863    0.0607529     0.101030    0.0738917
       9    0.0918086     0.103116    0.0868223     0.126903    0.0835942
      10     0.108034     0.123006     0.100832     0.112530     0.130710
      11    0.0905097     0.115989    0.0737608     0.129779     0.108237
      12     0.135242     0.143858     0.126651     0.146745     0.142274
       1     0.130959     0.164587     0.102692     0.173249     0.158789
       2     0.104226     0.114581    0.0945870     0.111577     0.116128
       3    0.0977148    0.0915753     0.103568     0.105155    0.0818830
       4    0.0870633    0.0818525    0.0938928    0.0988899    0.0690882
       5    0.0889276    0.0807477     0.107870    0.0993434    0.0726957
       6     0.106194     0.104139     0.107710     0.112303    0.0992079
       7     0.117813     0.100623     0.132108     0.133128    0.0775821
       8     0.103344     0.120385    0.0949742     0.135760     0.104182
       9    0.0735891    0.0833256    0.0689302    0.0845439    0.0821773
      10    0.0929754     0.113822    0.0836340     0.105031     0.119342
      11     0.103356     0.118552    0.0900439     0.116341     0.119709
      12     0.122981     0.132315     0.113542     0.133715     0.131249
       1     0.102614     0.134520    0.0768999     0.120586     0.146270
       2     0.125886     0.133317     0.121302     0.149417     0.122317
       3    0.0846724    0.0792206    0.0926606    0.0899244    0.0718027
       4    0.0908054    0.0861842    0.0955807     0.101087    0.0773795
       5    0.0705114    0.0667524    0.0751710    0.0721185    0.0634947
       6    0.0844521    0.0837104    0.0852979    0.0994963    0.0742278
       7    0.0757611    0.0854585    0.0689863    0.0805832    0.0875684
       8    0.0917863     0.112573    0.0817548     0.105629     0.119708
       9    0.0770105     0.102140    0.0694537    0.0927697     0.110455
      10     0.101168     0.132407    0.0882325     0.110467     0.147696
      11     0.109302     0.149293    0.0901885     0.124995     0.166660
      12     0.106518     0.126623    0.0831286     0.109402     0.135404
       1     0.143177     0.152504     0.133271     0.156772     0.149941
       2     0.113678     0.134843    0.0944054     0.121622     0.142181
       3     0.115843     0.119067     0.111921     0.131500     0.113835
       4     0.113136     0.105925     0.119079     0.118843    0.0974652
       5    0.0812978    0.0888366    0.0732561     0.103893    0.0799959
       6    0.0853320    0.0930757    0.0785566     0.122755    0.0738848
       7    0.0600941    0.0435397    0.0684392    0.0396868    0.0485395
       8    0.0741795    0.0858787    0.0684155     0.108370    0.0572859
       9    0.0756815     0.113465    0.0638240     0.109497     0.117889
      10    0.0859964     0.102566    0.0772325     0.119528    0.0934137
      11     0.125389     0.158729     0.103403     0.155085     0.162546
      12     0.140952     0.169028     0.114409     0.164050     0.173620
       1    0.0853632     0.114457    0.0597981    0.0993584     0.125479
       2     0.123812     0.154033     0.106664     0.149646     0.158609
       3     0.133240     0.126704     0.140750     0.151451     0.110961
       4    0.0979601    0.0951919     0.100459     0.117379    0.0827262
       5    0.0907475    0.0892243    0.0922711     0.111324    0.0762594
       6    0.0924928     0.100301    0.0853745    0.0958607     0.104960
       7    0.0695217    0.0699055    0.0691823    0.0685363    0.0709955
       8    0.0694458    0.0903101    0.0593500    0.0805432     0.101791
       9    0.0899172    0.0961696    0.0865700     0.107916    0.0867357
      10    0.0955741     0.124916    0.0836280     0.139843     0.114057
      11     0.115937     0.136668     0.103110     0.129651     0.141499
      12     0.109776     0.147128    0.0918655     0.141103     0.151604
       1     0.108040     0.125399    0.0886077     0.162661     0.108031
       2     0.119747     0.127430     0.112547     0.130988     0.125019
       3     0.122260     0.100579     0.144148     0.128649    0.0804258
       4    0.0978785    0.0997052    0.0958347     0.117710    0.0895488
       5    0.0874800    0.0753416     0.103186    0.0868170    0.0690877
       6    0.0807328    0.0993972    0.0705282    0.0966568     0.101279
       7     0.142662     0.148222     0.132242     0.130791     0.160625
       8     0.102440     0.101736     0.102939     0.108884    0.0952277
       9    0.0800642    0.0861064    0.0775177    0.0919204    0.0816704
      10    0.0919258     0.111284    0.0840694     0.116596     0.107441
      11     0.113836     0.115115     0.112670     0.110860     0.117859
      12     0.121129     0.132263     0.111003     0.137249     0.128071
       1    0.0988824     0.114481    0.0884056     0.117879     0.111911
       2     0.100766     0.106660    0.0958887     0.115040     0.101426
       3    0.0928684    0.0934523    0.0919469     0.108319    0.0859049
       4    0.0791051    0.0787715    0.0794874    0.0722155    0.0820921
       5    0.0700865    0.0612766    0.0783349    0.0574791    0.0638337
       6    0.0752666    0.0770810    0.0742611     0.104399    0.0592666
       7    0.0780711    0.0787346    0.0775602    0.0908633    0.0728951
       8    0.0932339     0.110797    0.0822189     0.140450    0.0923192
       9    0.0839238     0.105959    0.0770226     0.109363     0.101901
      10    0.0766344    0.0800094    0.0746454    0.0752628    0.0835257
      11    0.0996067     0.116041    0.0882110     0.103360     0.124722
      12     0.103819     0.129101    0.0837143     0.135759     0.124509
       1    0.0813462     0.111157    0.0603686     0.125048     0.102927
       2     0.113906     0.130604    0.0939641     0.115875     0.140145
       3    0.0996105     0.106554    0.0924687     0.102743     0.108797
       4    0.0905539    0.0965673    0.0838775     0.115185    0.0889865
       5    0.0830634    0.0817173    0.0847762     0.102694    0.0710357
       6    0.0759438    0.0746405    0.0771214     0.105085    0.0602265
       7    0.0728002    0.0816017    0.0667133    0.0939505    0.0748019
       8    0.0935536    0.0994881    0.0906727    0.0842975     0.111789
       9     0.103418     0.119678    0.0968788     0.108860     0.131640
      10    0.0900992     0.117353    0.0805508     0.126932     0.110230
      11    0.0988842     0.122561    0.0817097     0.122225     0.122745
      12     0.119589     0.143468    0.0984303     0.147328     0.141734
       1     0.107211     0.156126    0.0565645     0.136947     0.166817
       2    0.0847816    0.0947044    0.0773692     0.107543    0.0896133
       3    0.0942087    0.0966163    0.0918097     0.106745    0.0910761
       4     0.104982     0.100407     0.109136     0.114664    0.0923236
       5    0.0837719    0.0833962    0.0843898    0.0912495    0.0791459
       6    0.0689675    0.0515010    0.0830821    0.0692506    0.0430035
       7    0.0880155    0.0872115    0.0887907    0.0984123    0.0781436
       8     0.110243     0.119529     0.104422     0.129983     0.113024
       9    0.0930146     0.116384    0.0829003     0.129190     0.109170
      10    0.0896435    0.0943150    0.0868345    0.0852175    0.0985388
      11     0.101678     0.131690    0.0889486     0.144297     0.119627
      12     0.138350     0.148981     0.130682     0.143830     0.152507
       1     0.134705     0.151156     0.118699     0.159108     0.147453
       3     0.103465     0.101934     0.105103     0.103842     0.100946
       4    0.0926962    0.0909398    0.0953652    0.0988275    0.0874198
       5    0.0739686    0.0661108    0.0857294    0.0878206    0.0588092
       6    0.0699940    0.0818060    0.0627148    0.0852122    0.0796072
       7    0.0785725    0.0809427    0.0773124    0.0850563    0.0772494
       8    0.0818174    0.0820121    0.0816457    0.0789651    0.0841130
       9    0.0818352    0.0905607    0.0792767    0.0857531    0.0951426
      10    0.0975484     0.127990    0.0845961     0.145646     0.118539
      11     0.112063     0.123323     0.104165     0.124503     0.122493
      12     0.123479     0.135486     0.113464     0.139026     0.132222
       1     0.152054     0.169396     0.140716     0.191699     0.153978
       2     0.121452     0.146417    0.0952198     0.156222     0.139618
       3     0.102362     0.113079    0.0913857     0.138780    0.0987948
       4    0.0977166    0.0950902     0.100735     0.116449    0.0840586
       5    0.0858974    0.0744313     0.100779    0.0932186    0.0633754
       6    0.0850673    0.0961390    0.0772835     0.116731    0.0866320
       7    0.0667675    0.0704147    0.0637924    0.0874440    0.0600820
       8     0.135074     0.102662     0.170016     0.113424    0.0898002
       9     0.108527     0.109353     0.108161     0.109990     0.108975
      10    0.0919857     0.120522    0.0818693     0.132885     0.114454
      11     0.103964     0.134051    0.0841222     0.125397     0.143106
      12     0.104973     0.133333    0.0753810     0.137015     0.131830
       1     0.124050     0.140980    0.0966335     0.156740     0.132841
       2     0.101413     0.112769    0.0946775     0.113101     0.112477
       3     0.101148     0.114230    0.0913078     0.134073     0.100861
       4     0.102297     0.103209     0.101351     0.117415    0.0945419
       5    0.0684961    0.0628740    0.0778843    0.0778249    0.0548350
       6    0.0730409    0.0775303    0.0691541    0.0809401    0.0756473
       7     0.100789    0.0948643     0.105206    0.0968323    0.0934850
       8     0.171879     0.124289     0.219909     0.136682     0.113901
       9     0.111099     0.133020    0.0995840     0.121233     0.144637
      10    0.0939562     0.105929    0.0882236     0.105214     0.106427
      11     0.107214     0.112594     0.103265     0.125192     0.107162
      12     0.112543     0.132184    0.0964897     0.120475     0.139495
       1     0.122669     0.161984    0.0862451     0.126877     0.178463
       2     0.115544     0.130584     0.107812     0.138371     0.123386
       3    0.0995706     0.121345    0.0858483     0.143347     0.109265
       4     0.101144    0.0973083     0.106309    0.0979732    0.0969555
       5    0.0861853    0.0776995    0.0987872     0.103674    0.0666189
       6    0.0702309    0.0622423    0.0753970    0.0658569    0.0603363
       7    0.0750591     0.101556    0.0556353     0.107356    0.0986106
       8    0.0725546    0.0918091    0.0614227    0.0971149    0.0888229
       9         -NaN         -NaN         -NaN         -NaN         -NaN
      10    0.0935717     0.117152    0.0866403     0.137609     0.104002
      11     0.106309     0.139376    0.0865898     0.138938     0.139685
      12     0.102996     0.141718    0.0727456     0.138597     0.143436
       1     0.124089     0.147915     0.101110     0.156571     0.143465
       2    0.0929699     0.112401    0.0812745    0.0939758     0.123011
       3    0.0995606     0.116798    0.0896749     0.135447     0.101177
       4    0.0789154    0.0868515    0.0713918     0.127455    0.0643225
       5    0.0791938    0.0771498    0.0809317     0.108012    0.0613774
       6    0.0789811    0.0923050    0.0717932     0.110023    0.0814804
