time,all aerosol,cld aerosol,cloud-free, incld-aero, isolate-aero
       1      1.00000     0.469966     0.530034     0.193993     0.275973
       2      1.00000     0.382389     0.617611     0.185876     0.196513
       3      1.00000     0.533096     0.466904     0.199565     0.333531
       4      1.00000     0.547856     0.452144     0.175601     0.372254
       5      1.00000     0.693776     0.306224     0.179075     0.514701
       6      1.00000     0.531686     0.468314     0.144477     0.387209
       7      1.00000     0.342616     0.657384     0.139598     0.203018
       8      1.00000     0.263396     0.736604     0.134855     0.128541
       9      1.00000     0.306028     0.693972     0.137944     0.168084
      10      1.00000     0.324788     0.675211     0.137644     0.187145
      11      1.00000     0.396631     0.603369     0.142726     0.253905
      12      1.00000     0.499248     0.500752     0.176895     0.322353
       1      1.00000     0.456696     0.543304     0.183136     0.273560
       2      1.00000     0.482098     0.517902     0.163890     0.318208
       3      1.00000     0.488070     0.511930     0.203273     0.284797
       4      1.00000     0.567220     0.432780     0.242946     0.324274
       5      1.00000     0.698409     0.301591     0.211036     0.487373
       6      1.00000     0.424372     0.575628     0.159791     0.264580
       7      1.00000     0.454016     0.545984     0.188333     0.265684
       8      1.00000     0.329389     0.670611     0.169012     0.160377
       9      1.00000     0.323636     0.676364     0.157029     0.166606
      10      1.00000     0.309445     0.690555     0.119362     0.190083
      11      1.00000     0.466970     0.533030     0.160431     0.306539
      12      1.00000     0.502757     0.497243     0.217305     0.285452
       1      1.00000     0.446259     0.553741     0.204149     0.242110
       2      1.00000     0.381489     0.618511     0.154850     0.226639
       3      1.00000     0.594359     0.405641     0.243293     0.351066
       4      1.00000     0.508203     0.491797     0.188742     0.319461
       5      1.00000     0.553493     0.446507     0.209086     0.344406
       6      1.00000     0.532789     0.467211     0.199942     0.332848
       7      1.00000     0.411285     0.588715     0.124231     0.287054
       8      1.00000     0.325503     0.674497     0.164950     0.160553
       9      1.00000     0.231194     0.768806     0.108698     0.122496
      10      1.00000     0.292825     0.707175     0.120254     0.172571
      11      1.00000     0.323382     0.676618     0.134792     0.188590
      12      1.00000     0.537747     0.462253     0.181599     0.356148
       1      1.00000     0.515074     0.484926     0.193244     0.321831
       2      1.00000     0.476604     0.523396     0.170104     0.306500
       3      1.00000     0.548773     0.451227     0.162537     0.386236
       4      1.00000     0.451807     0.548193     0.178793     0.273014
       5      1.00000     0.516138     0.483862     0.190941     0.325197
       6      1.00000     0.466653     0.533347     0.183253     0.283400
       7      1.00000     0.335153     0.664847     0.189288     0.145866
       8      1.00000     0.330065     0.669935     0.184742     0.145323
       9      1.00000     0.238866     0.761134     0.125921     0.112945
      10      1.00000     0.345943     0.654057     0.121240     0.224703
      11      1.00000     0.397381     0.602619     0.203291     0.194091
      12      1.00000     0.485966     0.514034     0.233192     0.252774
       1      1.00000     0.467722     0.532278     0.197368     0.270354
       2      1.00000     0.362020     0.637980     0.184848     0.177172
       3      1.00000     0.534682     0.465318     0.207900     0.326781
       4      1.00000     0.474437     0.525563     0.170669     0.303768
       5      1.00000     0.500061     0.499939     0.184892     0.315168
       6      1.00000     0.476892     0.523108     0.244172     0.232720
       7      1.00000     0.469326     0.530674     0.208028     0.261298
       8      1.00000     0.326092     0.673908     0.176201     0.149891
       9      1.00000     0.348687     0.651313     0.155310     0.193376
      10      1.00000     0.289332     0.710668     0.121849     0.167484
      11      1.00000     0.382248     0.617752     0.155870     0.226378
      12      1.00000     0.324094     0.675906     0.138143     0.185951
       1      1.00000     0.528165     0.471835     0.167918     0.360247
       2      1.00000     0.483759     0.516241     0.195383     0.288376
       3      1.00000     0.502369     0.497631     0.209948     0.292420
       4      1.00000     0.528045     0.471955     0.190442     0.337602
       5      1.00000     0.564062     0.435938     0.198972     0.365091
       6      1.00000     0.353481     0.646519     0.143900     0.209581
       7      1.00000     0.652028     0.347972     0.271065     0.380962
       8      1.00000     0.414988     0.585011     0.197785     0.217204
       9      1.00000     0.296487     0.703513     0.128315     0.168172
      10      1.00000     0.288687     0.711313     0.121164     0.167523
      11      1.00000     0.476949     0.523051     0.186966     0.289983
      12      1.00000     0.476284     0.523716     0.217523     0.258761
       1      1.00000     0.401793     0.598207     0.173032     0.228761
       2      1.00000     0.452817     0.547183     0.174063     0.278754
       3      1.00000     0.612159     0.387841     0.206130     0.406029
       4      1.00000     0.533988     0.466012     0.179530     0.354458
       5      1.00000     0.483542     0.516458     0.194583     0.288958
       6      1.00000     0.356574     0.643426     0.140744     0.215830
       7      1.00000     0.435019     0.564981     0.141377     0.293642
       8      1.00000     0.385429     0.614571     0.147975     0.237455
       9      1.00000     0.238494     0.761506     0.129707     0.108787
      10      1.00000     0.370794     0.629206     0.157792     0.213002
      11      1.00000     0.409477     0.590523     0.166404     0.243073
      12      1.00000     0.442973     0.557027     0.180802     0.262171
       1      1.00000     0.413037     0.586963     0.153675     0.259362
       2      1.00000     0.544273     0.455727     0.213962     0.330311
       3      1.00000     0.507044     0.492956     0.187902     0.319142
       4      1.00000     0.526119     0.473881     0.152239     0.373881
       5      1.00000     0.559925     0.440075     0.188918     0.371007
       6      1.00000     0.474658     0.525342     0.152519     0.322139
       7      1.00000     0.408835     0.591165     0.145181     0.263655
       8      1.00000     0.326797     0.673203     0.146226     0.180572
       9      1.00000     0.286819     0.713181     0.150614     0.136205
      10      1.00000     0.259451     0.740549     0.110650     0.148801
      11      1.00000     0.420417     0.579583     0.149028     0.271389
      12      1.00000     0.469802     0.530198     0.145643     0.324159
       1      1.00000     0.508697     0.491303     0.182064     0.326633
       2      1.00000     0.427596     0.572404     0.121414     0.306182
       3      1.00000     0.499100     0.500900     0.176471     0.322629
       4      1.00000     0.475836     0.524164     0.172171     0.303665
       5      1.00000     0.621875     0.378125     0.218375     0.403500
       6      1.00000     0.446931     0.553069     0.144693     0.302238
       7      1.00000     0.490896     0.509104     0.219619     0.271277
       8      1.00000     0.385337     0.614663     0.147814     0.237524
       9      1.00000     0.302065     0.697935     0.108847     0.193218
      10      1.00000     0.375507     0.624493     0.119063     0.256444
      11      1.00000     0.297822     0.702178     0.145630     0.152192
      12      1.00000     0.419062     0.580938     0.170301     0.248761
       1      1.00000     0.493145     0.506855     0.156702     0.336443
       3      1.00000     0.516945     0.483055     0.176496     0.340449
       4      1.00000     0.603113     0.396887     0.186100     0.417013
       5      1.00000     0.599472     0.400528     0.150875     0.448597
       6      1.00000     0.381286     0.618714     0.149571     0.231714
       7      1.00000     0.347115     0.652885     0.164214     0.182901
       8      1.00000     0.468601     0.531399     0.191246     0.277355
       9      1.00000     0.226733     0.773267     0.110640     0.116093
      10      1.00000     0.298480     0.701520     0.104073     0.194407
      11      1.00000     0.412282     0.587718     0.170155     0.242128
      12      1.00000     0.454767     0.545233     0.218182     0.236585
       1      1.00000     0.395336     0.604664     0.161586     0.233750
       2      1.00000     0.512366     0.487634     0.209810     0.302556
       3      1.00000     0.505965     0.494035     0.180748     0.325217
       4      1.00000     0.534722     0.465278     0.182115     0.352608
       5      1.00000     0.564823     0.435177     0.209247     0.355576
       6      1.00000     0.412812     0.587188     0.130389     0.282423
       7      1.00000     0.449254     0.550746     0.169652     0.279602
       8      1.00000     0.518776     0.481224     0.282449     0.236327
       9      1.00000     0.306625     0.693375     0.114369     0.192256
      10      1.00000     0.261726     0.738274    0.0861699     0.175556
      11      1.00000     0.397394     0.602606     0.203194     0.194200
      12      1.00000     0.510628     0.489372     0.147942     0.362686
       1      1.00000     0.618231     0.381769     0.210557     0.407674
       2      1.00000     0.372319     0.627681     0.174345     0.197975
       3      1.00000     0.429279     0.570721     0.172801     0.256478
       4      1.00000     0.509165     0.490835     0.192940     0.316225
       5      1.00000     0.625447     0.374553     0.218702     0.406745
       6      1.00000     0.464031     0.535969     0.165083     0.298948
       7      1.00000     0.427131     0.572869     0.175996     0.251135
       8      1.00000     0.502300     0.497700     0.229050     0.273250
       9      1.00000     0.344376     0.655624     0.170935     0.173441
      10      1.00000     0.323781     0.676219     0.133065     0.190716
      11      1.00000     0.423387     0.576613     0.127554     0.295833
      12      1.00000     0.449735     0.550265     0.172860     0.276875
       1      1.00000     0.480915     0.519085     0.153628     0.327286
       2      1.00000     0.339541     0.660459     0.163108     0.176433
       3      1.00000     0.386584     0.613416     0.137021     0.249563
       4      1.00000     0.573868     0.426132     0.198955     0.374913
       5      1.00000     0.597594     0.402406     0.178699     0.418895
       6      1.00000     0.392719     0.607281     0.135588     0.257131
       7      1.00000     0.422990     0.577010     0.142444     0.280547
       8      1.00000     0.366343     0.633657     0.131930     0.234414
       9         -NaN         -NaN         -NaN         -NaN         -NaN
      10      1.00000     0.227168     0.772832    0.0888919     0.138276
      11      1.00000     0.373576     0.626424     0.154483     0.219093
      12      1.00000     0.438587     0.561413     0.155775     0.282812
       1      1.00000     0.490948     0.509052     0.166697     0.324252
       2      1.00000     0.375733     0.624267     0.137292     0.238442
       3      1.00000     0.364467     0.635533     0.166137     0.198331
       4      1.00000     0.486658     0.513342     0.173666     0.312992
       5      1.00000     0.459544     0.540456     0.155424     0.304119
       6      1.00000     0.350426     0.649574     0.132896     0.217530
